******************Parametres initiaux***********************
Points do we try before stepping :N_TRIES=1
Iterations for each T :ITERS_FIXED_T=1
Step size in random walk :STEP_SIZE=200.000000
Boltzmann constant :K=1.000000
Initial temperature :T_INITIAL=1.000000
Damping factor for temperature MU_T=1.002000
Minimal Temperature T_MIN=5.000000e-01
Initial state :44.60	6.57	48.01	8.99	
*************************************************************
#-iter  #-evals   temperature     position   energy
    0         2             1  [ 44.60  6.57  48.83  48.01  8.99  43.00 ]          1.0726        1.0726
    1         3      0.998004  [ 47.43  9.41  43.16  62.49  23.47  14.04 ]         1.57482        1.0726
    2         4      0.996012  [ 47.43  9.41  43.16  62.49  23.47  14.04 ]         1.57482        1.0726
    3         5      0.994024  [ 52.61  14.58  32.81  52.63  13.60  33.77 ]         1.65409        1.0726
    4         6       0.99204  [ 52.61  14.58  32.81  52.63  13.60  33.77 ]         1.65409        1.0726
    5         7       0.99006  [ 52.61  14.58  32.81  52.63  13.60  33.77 ]         1.65409        1.0726
    6         8      0.988084  [ 47.25  9.23  43.52  43.93  4.91  51.16 ]         1.08937        1.0726
    7         9      0.986111  [ 51.35  13.32  35.33  40.86  1.83  57.31 ]         1.36228        1.0726
    8        10      0.984143  [ 56.92  18.89  24.20  44.39  5.37  50.25 ]         1.81402        1.0726
    9        11      0.982179  [ 39.26  1.24  59.50  43.29  4.26  52.45 ]        0.682061      0.682061
   10        12      0.980218  [ 39.26  1.24  59.50  43.29  4.26  52.45 ]        0.682061      0.682061
   11        13      0.978262  [ 39.26  1.24  59.50  43.29  4.26  52.45 ]        0.682061      0.682061
   12        14      0.976309  [ 39.26  1.24  59.50  43.29  4.26  52.45 ]        0.682061      0.682061
   13        15       0.97436  [ 39.26  1.24  59.50  43.29  4.26  52.45 ]        0.682061      0.682061
   14        16      0.972416  [ 39.26  1.24  59.50  43.29  4.26  52.45 ]        0.682061      0.682061
   15        17      0.970475  [ 39.26  1.24  59.50  43.29  4.26  52.45 ]        0.682061      0.682061
   16        18      0.968538  [ 39.26  1.24  59.50  43.29  4.26  52.45 ]        0.682061      0.682061
   17        19      0.966604  [ 42.96  4.93  52.11  50.61  11.59  37.81 ]         1.08741      0.682061
   18        20      0.964675  [ 52.24  14.22  33.54  44.93  5.91  49.15 ]         1.44144      0.682061
   19        21      0.962749  [ 52.24  14.22  33.54  44.93  5.91  49.15 ]         1.44144      0.682061
   20        22      0.960828  [ 39.12  1.09  59.79  52.30  13.28  34.42 ]          1.0732      0.682061
   21        23       0.95891  [ 38.53  0.50  60.97  62.24  23.22  14.54 ]         1.49986      0.682061
   22        24      0.956996  [ 41.49  3.46  55.05  42.42  3.40  54.18 ]        0.707173      0.682061
   23        25      0.955086  [ 41.49  3.46  55.05  42.42  3.40  54.18 ]        0.707173      0.682061
   24        26      0.953179  [ 41.49  3.46  55.05  42.42  3.40  54.18 ]        0.707173      0.682061
   25        27      0.951277  [ 41.49  3.46  55.05  42.42  3.40  54.18 ]        0.707173      0.682061
   26        28      0.949378  [ 41.49  3.46  55.05  42.42  3.40  54.18 ]        0.707173      0.682061
   27        29      0.947483  [ 44.75  6.73  48.52  45.20  6.17  48.63 ]        0.993996      0.682061
   28        30      0.945592  [ 44.75  6.73  48.52  45.20  6.17  48.63 ]        0.993996      0.682061
   29        31      0.943705  [ 44.75  6.73  48.52  45.20  6.17  48.63 ]        0.993996      0.682061
   30        32      0.941821  [ 44.75  6.73  48.52  45.20  6.17  48.63 ]        0.993996      0.682061
   31        33      0.939941  [ 44.75  6.73  48.52  45.20  6.17  48.63 ]        0.993996      0.682061
   32        34      0.938065  [ 44.75  6.73  48.52  45.20  6.17  48.63 ]        0.993996      0.682061
   33        35      0.936193  [ 44.75  6.73  48.52  45.20  6.17  48.63 ]        0.993996      0.682061
   34        36      0.934324  [ 59.31  21.29  19.40  49.51  10.49  40.00 ]         2.04881      0.682061
   35        37      0.932459  [ 44.36  6.34  49.30  66.66  27.64  5.70 ]          1.6271      0.682061
   36        38      0.930598  [ 52.22  14.20  33.58  47.23  8.20  44.57 ]         1.54523      0.682061
   37        39       0.92874  [ 65.18  27.16  7.66  53.32  14.30  32.37 ]         2.41648      0.682061
   38        40      0.926887  [ 54.21  16.19  29.60  45.40  6.38  48.22 ]         1.55122      0.682061
   39        41      0.925036  [ 39.92  1.90  58.18  54.59  15.57  29.84 ]         1.12465      0.682061
   40        42       0.92319  [ 39.92  1.90  58.18  54.59  15.57  29.84 ]         1.12465      0.682061
   41        43      0.921347  [ 39.92  1.90  58.18  54.59  15.57  29.84 ]         1.12465      0.682061
   42        44      0.919508  [ 39.92  1.90  58.18  54.59  15.57  29.84 ]         1.12465      0.682061
   43        45      0.917673  [ 39.92  1.90  58.18  54.59  15.57  29.84 ]         1.12465      0.682061
   44        46      0.915841  [ 42.88  4.85  52.27  55.75  16.72  27.53 ]         1.24888      0.682061
   45        47      0.914013  [ 43.18  5.16  51.66  42.75  3.72  53.53 ]        0.803314      0.682061
   46        48      0.912189  [ 43.18  5.16  51.66  42.75  3.72  53.53 ]        0.803314      0.682061
   47        49      0.910368  [ 43.18  5.16  51.66  42.75  3.72  53.53 ]        0.803314      0.682061
   48        50      0.908551  [ 43.18  5.16  51.66  42.75  3.72  53.53 ]        0.803314      0.682061
   49        51      0.906738  [ 43.18  5.16  51.66  42.75  3.72  53.53 ]        0.803314      0.682061
   50        52      0.904928  [ 43.18  5.16  51.66  42.75  3.72  53.53 ]        0.803314      0.682061
   51        53      0.903122  [ 47.68  9.65  42.67  41.05  2.03  56.92 ]         1.06593      0.682061
   52        54      0.901319  [ 51.43  13.40  35.17  44.13  5.11  50.76 ]         1.30979      0.682061
   53        55       0.89952  [ 51.13  13.11  35.76  43.04  4.02  52.94 ]         1.32224      0.682061
   54        56      0.897724  [ 43.90  5.87  50.23  60.01  20.98  19.01 ]         1.38961      0.682061
   55        57      0.895933  [ 40.24  2.22  57.54  53.02  14.00  32.98 ]         1.04711      0.682061
   56        58      0.894144  [ 50.37  12.34  37.29  45.35  6.32  48.33 ]         1.34577      0.682061
   57        59       0.89236  [ 57.58  19.56  22.86  69.33  30.30  0.37 ]         2.04049      0.682061
   58        60      0.890578  [ 42.54  4.52  52.94  56.08  17.05  26.87 ]         1.27097      0.682061
   59        61      0.888801  [ 49.84  11.81  38.35  45.25  6.23  48.52 ]          1.2602      0.682061
   60        62      0.887027  [ 48.92  10.90  40.18  52.17  13.15  34.68 ]         1.30642      0.682061
   61        63      0.885256  [ 39.90  1.88  58.22  45.08  6.06  48.86 ]        0.748037      0.682061
   62        64      0.883489  [ 39.90  1.88  58.22  45.08  6.06  48.86 ]        0.748037      0.682061
   63        65      0.881726  [ 39.90  1.88  58.22  45.08  6.06  48.86 ]        0.748037      0.682061
   64        66      0.879966  [ 39.90  1.88  58.22  45.08  6.06  48.86 ]        0.748037      0.682061
   65        67      0.878209  [ 40.17  2.15  57.68  46.05  7.03  46.92 ]        0.807316      0.682061
   66        68      0.876457  [ 40.81  2.78  56.41  46.03  7.00  46.97 ]        0.798446      0.682061
   67        69      0.874707  [ 40.81  2.78  56.41  46.03  7.00  46.97 ]        0.798446      0.682061
   68        70      0.872961  [ 54.83  16.81  28.36  39.03  0.01  60.96 ]         1.56156      0.682061
   69        71      0.871219  [ 54.83  16.81  28.36  39.03  0.01  60.96 ]         1.56156      0.682061
   70        72       0.86948  [ 47.37  9.34  43.29  63.46  24.44  12.09 ]         1.58437      0.682061
   71        73      0.867744  [ 44.17  6.14  49.69  39.58  0.56  59.86 ]        0.755722      0.682061
   72        74      0.866012  [ 41.72  3.69  54.60  44.90  5.88  49.21 ]        0.787734      0.682061
   73        75      0.864284  [ 41.72  3.69  54.60  44.90  5.88  49.21 ]        0.787734      0.682061
   74        76      0.862559  [ 45.05  7.03  47.92  48.94  9.92  41.15 ]         1.06184      0.682061
   75        77      0.860837  [ 45.05  7.03  47.92  48.94  9.92  41.15 ]         1.06184      0.682061
   76        78      0.859119  [ 45.05  7.03  47.92  48.94  9.92  41.15 ]         1.06184      0.682061
   77        79      0.857404  [ 56.01  17.98  26.01  53.25  14.22  32.53 ]         1.82791      0.682061
   78        80      0.855692  [ 51.84  13.81  34.35  57.11  18.09  24.79 ]         1.61483      0.682061
   79        81      0.853985  [ 42.67  4.65  52.68  49.70  10.68  39.62 ]        0.996018      0.682061
   80        82       0.85228  [ 54.78  16.75  28.47  45.68  6.66  47.66 ]         1.68483      0.682061
   81        83      0.850579  [ 42.78  4.75  52.47  42.73  3.71  53.56 ]        0.824103      0.682061
   82        84      0.848881  [ 42.78  4.75  52.47  42.73  3.71  53.56 ]        0.824103      0.682061
   83        85      0.847187  [ 42.78  4.75  52.47  42.73  3.71  53.56 ]        0.824103      0.682061
   84        86      0.845496  [ 42.78  4.75  52.47  42.73  3.71  53.56 ]        0.824103      0.682061
   85        87      0.843808  [ 44.27  6.25  49.48  53.29  14.27  32.44 ]         1.18113      0.682061
   86        88      0.842124  [ 51.98  13.95  34.06  61.47  22.45  16.07 ]         1.73283      0.682061
   87        89      0.840443  [ 63.63  25.60  10.78  50.70  11.67  37.63 ]         2.32072      0.682061
   88        90      0.838765  [ 57.39  19.36  23.25  67.61  28.59  3.79 ]         2.07239      0.682061
   89        91      0.837091  [ 59.29  21.26  19.45  51.74  12.71  35.55 ]         2.00609      0.682061
   90        92       0.83542  [ 59.29  21.26  19.45  51.74  12.71  35.55 ]         2.00609      0.682061
   91        93      0.833753  [ 68.40  30.37  1.23  55.03  16.01  28.95 ]         2.68427      0.682061
   92        94      0.832089  [ 58.62  20.59  20.79  58.90  19.88  21.22 ]         2.01875      0.682061
   93        95      0.830428  [ 61.47  23.45  15.08  60.04  21.02  18.93 ]         2.25146      0.682061
   94        96       0.82877  [ 57.78  19.75  22.48  39.96  0.94  59.10 ]         1.83097      0.682061
   95        97      0.827116  [ 47.61  9.58  42.81  54.30  15.28  30.42 ]         1.34575      0.682061
   96        98      0.825465  [ 47.61  9.58  42.81  54.30  15.28  30.42 ]         1.34575      0.682061
   97        99      0.823817  [ 63.48  25.45  11.07  39.77  0.74  59.49 ]         2.29352      0.682061
   98       100      0.822173  [ 51.08  13.05  35.87  40.75  1.73  57.53 ]         1.25407      0.682061
   99       101      0.820532  [ 41.22  3.19  55.59  41.98  2.96  55.05 ]        0.667701      0.667701
  100       102      0.818894  [ 48.88  10.86  40.26  68.56  29.54  1.90 ]         1.73281      0.667701
  101       103       0.81726  [ 48.88  10.86  40.26  68.56  29.54  1.90 ]         1.73281      0.667701
  102       104      0.815629  [ 43.53  5.51  50.96  47.12  8.10  44.78 ]        0.961549      0.667701
  103       105      0.814001  [ 67.66  29.64  2.70  52.80  13.78  33.43 ]         2.63787      0.667701
  104       106      0.812376  [ 64.93  26.91  8.16  56.29  17.27  26.44 ]         2.44897      0.667701
  105       107      0.810754  [ 44.73  6.70  48.57  60.33  21.31  18.37 ]         1.40128      0.667701
  106       108      0.809136  [ 41.69  3.66  54.64  41.64  2.62  55.74 ]        0.696926      0.667701
  107       109      0.807521  [ 41.69  3.66  54.64  41.64  2.62  55.74 ]        0.696926      0.667701
  108       110      0.805909  [ 39.14  1.11  59.76  47.37  8.34  44.29 ]        0.800422      0.667701
  109       111      0.804301  [ 38.31  0.28  61.41  43.49  4.47  52.03 ]        0.632257      0.632257
  110       112      0.802695  [ 38.31  0.28  61.41  43.49  4.47  52.03 ]        0.632257      0.632257
  111       113      0.801093  [ 50.73  12.71  36.56  44.35  5.32  50.33 ]         1.32022      0.632257
  112       114      0.799494  [ 50.73  12.71  36.56  44.35  5.32  50.33 ]         1.32022      0.632257
  113       115      0.797898  [ 45.04  7.02  47.94  68.01  28.99  3.00 ]         1.67433      0.632257
  114       116      0.796306  [ 53.94  15.92  30.14  62.82  23.80  13.39 ]         1.85698      0.632257
  115       117      0.794716  [ 61.57  23.54  14.89  50.35  11.33  38.32 ]          2.2251      0.632257
  116       118       0.79313  [ 58.67  20.65  20.68  55.52  16.50  27.97 ]         1.97493      0.632257
  117       119      0.791547  [ 55.37  17.34  27.29  58.55  19.53  21.93 ]          1.7982      0.632257
  118       120      0.789967  [ 60.18  22.16  17.66  61.42  22.39  16.19 ]         2.14194      0.632257
  119       121       0.78839  [ 39.18  1.15  59.67  57.35  18.33  24.32 ]         1.25204      0.632257
  120       122      0.786816  [ 50.41  12.39  37.20  44.75  5.73  49.52 ]         1.35982      0.632257
  121       123      0.785246  [ 44.72  6.70  48.58  66.25  27.23  6.51 ]         1.61722      0.632257
  122       124      0.783679  [ 41.15  3.13  55.72  65.81  26.78  7.41 ]         1.55081      0.632257
  123       125      0.782114  [ 50.67  12.65  36.68  62.92  23.90  13.18 ]         1.68303      0.632257
  124       126      0.780553  [ 43.84  5.82  50.34  59.54  20.51  19.95 ]         1.36523      0.632257
  125       127      0.778995  [ 43.84  5.82  50.34  59.54  20.51  19.95 ]         1.36523      0.632257
  126       128       0.77744  [ 68.74  30.71  0.55  56.58  17.56  25.86 ]         2.70491      0.632257
  127       129      0.775889  [ 39.83  1.81  58.36  53.25  14.23  32.52 ]         1.10602      0.632257
  128       130       0.77434  [ 42.59  4.56  52.85  43.56  4.54  51.90 ]        0.811089      0.632257
  129       131      0.772794  [ 42.04  4.01  53.95  59.72  20.70  19.58 ]         1.33405      0.632257
  130       132      0.771252  [ 38.29  0.26  61.45  45.73  6.71  47.56 ]        0.725891      0.632257
  131       133      0.769712  [ 38.29  0.26  61.45  45.73  6.71  47.56 ]        0.725891      0.632257
  132       134      0.768176  [ 38.29  0.26  61.45  45.73  6.71  47.56 ]        0.725891      0.632257
  133       135      0.766643  [ 38.29  0.26  61.45  45.73  6.71  47.56 ]        0.725891      0.632257
  134       136      0.765113  [ 38.29  0.26  61.45  45.73  6.71  47.56 ]        0.725891      0.632257
  135       137      0.763585  [ 38.29  0.26  61.45  45.73  6.71  47.56 ]        0.725891      0.632257
  136       138      0.762061  [ 52.25  14.22  33.53  41.59  2.57  55.84 ]         1.45828      0.632257
  137       139       0.76054  [ 49.63  11.61  38.76  62.48  23.46  14.06 ]         1.62413      0.632257
  138       140      0.759022  [ 41.04  3.01  55.95  52.17  13.15  34.68 ]         1.02632      0.632257
  139       141      0.757507  [ 41.04  3.01  55.95  52.17  13.15  34.68 ]         1.02632      0.632257
  140       142      0.755995  [ 41.04  3.01  55.95  52.17  13.15  34.68 ]         1.02632      0.632257
  141       143      0.754486  [ 41.04  3.01  55.95  52.17  13.15  34.68 ]         1.02632      0.632257
  142       144       0.75298  [ 41.04  3.01  55.95  52.17  13.15  34.68 ]         1.02632      0.632257
  143       145      0.751477  [ 41.04  3.01  55.95  52.17  13.15  34.68 ]         1.02632      0.632257
  144       146      0.749977  [ 41.04  3.01  55.95  52.17  13.15  34.68 ]         1.02632      0.632257
  145       147       0.74848  [ 41.04  3.01  55.95  52.17  13.15  34.68 ]         1.02632      0.632257
  146       148      0.746986  [ 50.15  12.12  37.74  46.77  7.75  45.47 ]         1.35585      0.632257
  147       149      0.745495  [ 43.26  5.23  51.50  58.15  19.13  22.72 ]         1.32914      0.632257
  148       150      0.744007  [ 45.16  7.14  47.70  60.61  21.58  17.81 ]         1.47007      0.632257
  149       151      0.742522  [ 57.88  19.85  22.27  50.51  11.49  38.00 ]         1.95425      0.632257
  150       152       0.74104  [ 54.87  16.85  28.28  55.73  16.71  27.56 ]         1.75862      0.632257
  151       153      0.739561  [ 47.65  9.63  42.72  39.22  0.20  60.59 ]        0.982091      0.632257
  152       154      0.738085  [ 61.45  23.42  15.13  54.70  15.68  29.62 ]         2.19163      0.632257
  153       155      0.736612  [ 44.93  6.91  48.16  59.40  20.38  20.21 ]         1.37614      0.632257
  154       156      0.735141  [ 44.93  6.91  48.16  59.40  20.38  20.21 ]         1.37614      0.632257
  155       157      0.733674  [ 51.35  13.32  35.33  40.49  1.46  58.05 ]         1.40158      0.632257
  156       158       0.73221  [ 51.35  13.32  35.33  40.49  1.46  58.05 ]         1.40158      0.632257
  157       159      0.730748  [ 51.35  13.32  35.33  40.49  1.46  58.05 ]         1.40158      0.632257
  158       160       0.72929  [ 45.69  7.67  46.64  62.99  23.97  13.04 ]         1.50021      0.632257
  159       161      0.727834  [ 45.69  7.67  46.64  62.99  23.97  13.04 ]         1.50021      0.632257
  160       162      0.726381  [ 49.00  10.97  40.03  58.82  19.80  21.37 ]         1.47949      0.632257
  161       163      0.724931  [ 59.14  21.11  19.75  56.13  17.11  26.76 ]         2.11128      0.632257
  162       164      0.723484  [ 56.04  18.01  25.95  68.42  29.39  2.19 ]         1.93141      0.632257
  163       165       0.72204  [ 56.04  18.01  25.95  68.42  29.39  2.19 ]         1.93141      0.632257
  164       166      0.720599  [ 57.67  19.65  22.68  46.89  7.87  45.25 ]         1.85188      0.632257
  165       167      0.719161  [ 57.67  19.65  22.68  46.89  7.87  45.25 ]         1.85188      0.632257
  166       168      0.717725  [ 54.32  16.30  29.38  43.11  4.09  52.79 ]         1.61433      0.632257
  167       169      0.716293  [ 54.32  16.30  29.38  43.11  4.09  52.79 ]         1.61433      0.632257
  168       170      0.714863  [ 54.32  16.30  29.38  43.11  4.09  52.79 ]         1.61433      0.632257
  169       171      0.713436  [ 54.32  16.30  29.38  43.11  4.09  52.79 ]         1.61433      0.632257
  170       172      0.712012  [ 54.32  16.30  29.38  43.11  4.09  52.79 ]         1.61433      0.632257
  171       173      0.710591  [ 54.32  16.30  29.38  43.11  4.09  52.79 ]         1.61433      0.632257
  172       174      0.709173  [ 64.42  26.39  9.19  66.01  26.99  6.99 ]         2.44367      0.632257
  173       175      0.707757  [ 54.56  16.54  28.90  58.32  19.30  22.38 ]         1.79849      0.632257
  174       176      0.706344  [ 53.78  15.75  30.47  47.42  8.40  44.18 ]         1.64275      0.632257
  175       177      0.704934  [ 53.09  15.07  31.84  55.51  16.49  28.00 ]         1.72506      0.632257
  176       178      0.703527  [ 52.68  14.65  32.68  40.83  1.80  57.37 ]         1.44321      0.632257
  177       179      0.702123  [ 53.21  15.19  31.60  66.67  27.64  5.69 ]         1.86625      0.632257
  178       180      0.700722  [ 45.89  7.86  46.26  68.65  29.62  1.73 ]         1.69426      0.632257
  179       181      0.699323  [ 45.89  7.86  46.26  68.65  29.62  1.73 ]         1.69426      0.632257
  180       182      0.697927  [ 43.72  5.70  50.58  65.35  26.32  8.33 ]         1.56553      0.632257
  181       183      0.696534  [ 43.72  5.70  50.58  65.35  26.32  8.33 ]         1.56553      0.632257
  182       184      0.695144  [ 43.72  5.70  50.58  65.35  26.32  8.33 ]         1.56553      0.632257
  183       185      0.693756  [ 45.07  7.05  47.88  68.78  29.76  1.45 ]         1.69637      0.632257
  184       186      0.692372  [ 45.07  7.05  47.88  68.78  29.76  1.45 ]         1.69637      0.632257
  185       187       0.69099  [ 48.18  10.15  41.67  54.43  15.40  30.17 ]         1.37776      0.632257
  186       188       0.68961  [ 48.18  10.15  41.67  54.43  15.40  30.17 ]         1.37776      0.632257
  187       189      0.688234  [ 48.32  10.29  41.39  49.60  10.57  39.83 ]         1.27732      0.632257
  188       190       0.68686  [ 58.29  20.26  21.45  50.41  11.39  38.21 ]         1.98603      0.632257
  189       191      0.685489  [ 49.72  11.69  38.59  55.98  16.96  27.06 ]         1.54742      0.632257
  190       192      0.684121  [ 44.51  6.48  49.01  40.85  1.83  57.32 ]        0.799133      0.632257
  191       193      0.682755  [ 44.51  6.48  49.01  40.85  1.83  57.32 ]        0.799133      0.632257
  192       194      0.681393  [ 44.51  6.48  49.01  40.85  1.83  57.32 ]        0.799133      0.632257
  193       195      0.680033  [ 44.51  6.48  49.01  40.85  1.83  57.32 ]        0.799133      0.632257
  194       196      0.678675  [ 44.51  6.48  49.01  40.85  1.83  57.32 ]        0.799133      0.632257
  195       197      0.677321  [ 45.28  7.25  47.47  55.57  16.55  27.88 ]         1.30954      0.632257
  196       198      0.675969  [ 45.28  7.25  47.47  55.57  16.55  27.88 ]         1.30954      0.632257
  197       199      0.674619  [ 45.28  7.25  47.47  55.57  16.55  27.88 ]         1.30954      0.632257
  198       200      0.673273  [ 45.28  7.25  47.47  55.57  16.55  27.88 ]         1.30954      0.632257
  199       201      0.671929  [ 56.55  18.52  24.93  62.71  23.69  13.61 ]         1.96602      0.632257
  200       202      0.670588  [ 46.37  8.34  45.29  61.18  22.15  16.67 ]         1.49797      0.632257
  201       203      0.669249  [ 43.80  5.77  50.43  60.01  20.99  19.00 ]         1.39414      0.632257
  202       204      0.667914  [ 49.25  11.23  39.52  66.16  27.13  6.71 ]         1.68634      0.632257
  203       205       0.66658  [ 51.95  13.93  34.12  60.65  21.62  17.73 ]         1.73388      0.632257
  204       206       0.66525  [ 51.95  13.93  34.12  60.65  21.62  17.73 ]         1.73388      0.632257
  205       207      0.663922  [ 46.69  8.67  44.64  46.34  7.32  46.33 ]         1.18551      0.632257
  206       208      0.662597  [ 46.69  8.67  44.64  46.34  7.32  46.33 ]         1.18551      0.632257
  207       209      0.661274  [ 47.82  9.80  42.38  45.26  6.23  48.51 ]         1.15544      0.632257
  208       210      0.659954  [ 47.82  9.80  42.38  45.26  6.23  48.51 ]         1.15544      0.632257
  209       211      0.658637  [ 64.99  26.97  8.04  45.00  5.98  49.02 ]         2.41101      0.632257
  210       212      0.657322  [ 52.74  14.71  32.55  65.26  26.23  8.51 ]          1.8043      0.632257
  211       213       0.65601  [ 42.72  4.69  52.60  46.63  7.60  45.77 ]        0.953052      0.632257
  212       214      0.654701  [ 42.72  4.69  52.60  46.63  7.60  45.77 ]        0.953052      0.632257
  213       215      0.653394  [ 42.72  4.69  52.60  46.63  7.60  45.77 ]        0.953052      0.632257
  214       216       0.65209  [ 42.72  4.69  52.60  46.63  7.60  45.77 ]        0.953052      0.632257
  215       217      0.650789  [ 42.72  4.69  52.60  46.63  7.60  45.77 ]        0.953052      0.632257
  216       218       0.64949  [ 42.72  4.69  52.60  46.63  7.60  45.77 ]        0.953052      0.632257
  217       219      0.648193  [ 42.72  4.69  52.60  46.63  7.60  45.77 ]        0.953052      0.632257
  218       220      0.646899  [ 42.72  4.69  52.60  46.63  7.60  45.77 ]        0.953052      0.632257
  219       221      0.645608  [ 43.66  5.64  50.70  58.78  19.76  21.46 ]         1.32366      0.632257
  220       222      0.644319  [ 46.84  8.82  44.34  44.89  5.86  49.25 ]         1.14995      0.632257
  221       223      0.643033  [ 46.84  8.82  44.34  44.89  5.86  49.25 ]         1.14995      0.632257
  222       224       0.64175  [ 46.84  8.82  44.34  44.89  5.86  49.25 ]         1.14995      0.632257
  223       225      0.640469  [ 41.33  3.31  55.36  54.83  15.81  29.36 ]         1.15063      0.632257
  224       226      0.639191  [ 56.65  18.62  24.74  44.89  5.87  49.24 ]         1.85364      0.632257
  225       227      0.637915  [ 48.12  10.09  41.79  53.52  14.49  31.99 ]         1.41374      0.632257
  226       228      0.636641  [ 53.73  15.71  30.56  56.78  17.75  25.47 ]         1.71996      0.632257
  227       229      0.635371  [ 48.31  10.28  41.41  50.01  10.99  39.00 ]         1.24731      0.632257
  228       230      0.634103  [ 44.66  6.64  48.70  39.37  0.35  60.28 ]        0.746743      0.632257
  229       231      0.632837  [ 44.66  6.64  48.70  39.37  0.35  60.28 ]        0.746743      0.632257
  230       232      0.631574  [ 44.66  6.64  48.70  39.37  0.35  60.28 ]        0.746743      0.632257
  231       233      0.630313  [ 44.66  6.64  48.70  39.37  0.35  60.28 ]        0.746743      0.632257
  232       234      0.629055  [ 44.66  6.64  48.70  39.37  0.35  60.28 ]        0.746743      0.632257
  233       235      0.627799  [ 44.66  6.64  48.70  39.37  0.35  60.28 ]        0.746743      0.632257
  234       236      0.626546  [ 44.66  6.64  48.70  39.37  0.35  60.28 ]        0.746743      0.632257
  235       237      0.625296  [ 44.66  6.64  48.70  39.37  0.35  60.28 ]        0.746743      0.632257
  236       238      0.624048  [ 44.66  6.64  48.70  39.37  0.35  60.28 ]        0.746743      0.632257
  237       239      0.622802  [ 44.66  6.64  48.70  39.37  0.35  60.28 ]        0.746743      0.632257
  238       240      0.621559  [ 44.66  6.64  48.70  39.37  0.35  60.28 ]        0.746743      0.632257
  239       241      0.620318  [ 44.46  6.44  49.10  44.77  5.75  49.48 ]         1.00166      0.632257
  240       242       0.61908  [ 42.09  4.06  53.86  41.93  2.91  55.16 ]        0.669367      0.632257
  241       243      0.617844  [ 42.09  4.06  53.86  41.93  2.91  55.16 ]        0.669367      0.632257
  242       244      0.616611  [ 42.09  4.06  53.86  41.93  2.91  55.16 ]        0.669367      0.632257
  243       245       0.61538  [ 42.09  4.06  53.86  41.93  2.91  55.16 ]        0.669367      0.632257
  244       246      0.614152  [ 42.09  4.06  53.86  41.93  2.91  55.16 ]        0.669367      0.632257
  245       247      0.612926  [ 45.79  7.76  46.45  68.55  29.52  1.93 ]         1.68265      0.632257
  246       248      0.611703  [ 49.24  11.22  39.54  55.53  16.51  27.95 ]         1.49075      0.632257
  247       249      0.610482  [ 49.24  11.22  39.54  55.53  16.51  27.95 ]         1.49075      0.632257
  248       250      0.609263  [ 64.31  26.29  9.40  58.36  19.33  22.31 ]         2.46326      0.632257
  249       251      0.608047  [ 46.62  8.60  44.78  42.91  3.89  53.20 ]         1.04028      0.632257
  250       252      0.606834  [ 46.62  8.60  44.78  42.91  3.89  53.20 ]         1.04028      0.632257
  251       253      0.605622  [ 46.62  8.60  44.78  42.91  3.89  53.20 ]         1.04028      0.632257
  252       254      0.604414  [ 46.62  8.60  44.78  42.91  3.89  53.20 ]         1.04028      0.632257
  253       255      0.603207  [ 46.62  8.60  44.78  42.91  3.89  53.20 ]         1.04028      0.632257
  254       256      0.602003  [ 39.28  1.25  59.47  47.30  8.28  44.42 ]        0.798283      0.632257
  255       257      0.600802  [ 39.28  1.25  59.47  47.30  8.28  44.42 ]        0.798283      0.632257
  256       258      0.599602  [ 39.28  1.25  59.47  47.30  8.28  44.42 ]        0.798283      0.632257
  257       259      0.598405  [ 39.28  1.25  59.47  47.30  8.28  44.42 ]        0.798283      0.632257
  258       260      0.597211  [ 45.66  7.64  46.70  51.82  12.79  35.39 ]         1.16226      0.632257
  259       261      0.596019  [ 45.66  7.64  46.70  51.82  12.79  35.39 ]         1.16226      0.632257
  260       262      0.594829  [ 45.66  7.64  46.70  51.82  12.79  35.39 ]         1.16226      0.632257
  261       263      0.593642  [ 50.32  12.29  37.38  39.78  0.76  59.46 ]         1.14095      0.632257
  262       264      0.592457  [ 42.46  4.43  53.11  55.74  16.72  27.54 ]         1.20715      0.632257
  263       265      0.591275  [ 42.46  4.43  53.11  55.74  16.72  27.54 ]         1.20715      0.632257
  264       266      0.590094  [ 57.29  19.26  23.45  55.96  16.94  27.10 ]          1.8836      0.632257
  265       267      0.588917  [ 54.27  16.25  29.48  45.48  6.45  48.07 ]          1.6088      0.632257
  266       268      0.587741  [ 44.12  6.10  49.78  52.23  13.21  34.56 ]         1.12457      0.632257
  267       269      0.586568  [ 44.12  6.10  49.78  52.23  13.21  34.56 ]         1.12457      0.632257
  268       270      0.585397  [ 44.12  6.10  49.78  52.23  13.21  34.56 ]         1.12457      0.632257
  269       271      0.584229  [ 44.12  6.10  49.78  52.23  13.21  34.56 ]         1.12457      0.632257
  270       272      0.583063  [ 44.12  6.10  49.78  52.23  13.21  34.56 ]         1.12457      0.632257
  271       273      0.581899  [ 44.12  6.10  49.78  52.23  13.21  34.56 ]         1.12457      0.632257
  272       274      0.580737  [ 44.12  6.10  49.78  52.23  13.21  34.56 ]         1.12457      0.632257
  273       275      0.579578  [ 43.53  5.50  50.97  40.21  1.19  58.60 ]        0.752712      0.632257
  274       276      0.578421  [ 43.53  5.50  50.97  40.21  1.19  58.60 ]        0.752712      0.632257
  275       277      0.577267  [ 43.53  5.50  50.97  40.21  1.19  58.60 ]        0.752712      0.632257
  276       278      0.576115  [ 47.17  9.14  43.69  68.57  29.55  1.88 ]          1.6987      0.632257
  277       279      0.574965  [ 47.17  9.14  43.69  68.57  29.55  1.88 ]          1.6987      0.632257
  278       280      0.573817  [ 53.46  15.43  31.11  65.56  26.53  7.91 ]         1.82493      0.632257
  279       281      0.572672  [ 43.25  5.23  51.52  63.73  24.71  11.56 ]          1.4948      0.632257
  280       282      0.571529  [ 43.25  5.23  51.52  63.73  24.71  11.56 ]          1.4948      0.632257
  281       283      0.570388  [ 43.25  5.23  51.52  63.73  24.71  11.56 ]          1.4948      0.632257
  282       284      0.569249  [ 47.07  9.05  43.88  46.29  7.26  46.45 ]         1.16353      0.632257
  283       285      0.568113  [ 47.07  9.05  43.88  46.29  7.26  46.45 ]         1.16353      0.632257
  284       286      0.566979  [ 41.89  3.87  54.24  50.15  11.13  38.73 ]        0.976094      0.632257
  285       287      0.565847  [ 41.89  3.87  54.24  50.15  11.13  38.73 ]        0.976094      0.632257
  286       288      0.564718  [ 41.89  3.87  54.24  50.15  11.13  38.73 ]        0.976094      0.632257
  287       289      0.563591  [ 42.23  4.20  53.57  43.25  4.23  52.52 ]        0.796605      0.632257
  288       290      0.562466  [ 42.23  4.20  53.57  43.25  4.23  52.52 ]        0.796605      0.632257
  289       291      0.561343  [ 42.23  4.20  53.57  43.25  4.23  52.52 ]        0.796605      0.632257
  290       292      0.560223  [ 42.23  4.20  53.57  43.25  4.23  52.52 ]        0.796605      0.632257
  291       293      0.559105  [ 44.93  6.91  48.16  41.27  2.25  56.48 ]        0.860617      0.632257
  292       294      0.557989  [ 44.93  6.91  48.16  41.27  2.25  56.48 ]        0.860617      0.632257
  293       295      0.556875  [ 44.93  6.91  48.16  41.27  2.25  56.48 ]        0.860617      0.632257
  294       296      0.555763  [ 44.93  6.91  48.16  41.27  2.25  56.48 ]        0.860617      0.632257
  295       297      0.554654  [ 43.19  5.16  51.65  61.16  22.13  16.71 ]         1.40406      0.632257
  296       298      0.553547  [ 55.21  17.19  27.60  61.18  22.16  16.66 ]         1.87867      0.632257
  297       299      0.552442  [ 50.12  12.10  37.78  55.40  16.38  28.22 ]         1.49026      0.632257
  298       300      0.551339  [ 53.35  15.32  31.32  68.22  29.20  2.58 ]         1.87947      0.632257
  299       301      0.550239  [ 43.80  5.77  50.43  59.51  20.48  20.01 ]         1.35137      0.632257
  300       302      0.549141  [ 55.39  17.36  27.26  51.25  12.22  36.53 ]         1.73613      0.632257
  301       303      0.548044  [ 52.43  14.40  33.17  56.73  17.70  25.57 ]         1.67693      0.632257
  302       304      0.546951  [ 52.43  14.40  33.17  56.73  17.70  25.57 ]         1.67693      0.632257
  303       305      0.545859  [ 48.78  10.75  40.47  54.67  15.65  29.67 ]         1.41385      0.632257
  304       306      0.544769  [ 49.08  11.06  39.86  61.81  22.79  15.40 ]         1.60705      0.632257
  305       307      0.543682  [ 49.08  11.06  39.86  61.81  22.79  15.40 ]         1.60705      0.632257
  306       308      0.542597  [ 49.08  11.06  39.86  61.81  22.79  15.40 ]         1.60705      0.632257
  307       309      0.541514  [ 51.71  13.68  34.61  58.41  19.38  22.21 ]         1.64383      0.632257
  308       310      0.540433  [ 51.71  13.68  34.61  58.41  19.38  22.21 ]         1.64383      0.632257
  309       311      0.539354  [ 50.68  12.66  36.66  62.48  23.46  14.07 ]         1.66619      0.632257
  310       312      0.538278  [ 41.24  3.21  55.55  46.55  7.53  45.91 ]        0.863804      0.632257
  311       313      0.537203  [ 41.24  3.21  55.55  46.55  7.53  45.91 ]        0.863804      0.632257
  312       314      0.536131  [ 41.24  3.21  55.55  46.55  7.53  45.91 ]        0.863804      0.632257
  313       315      0.535061  [ 41.24  3.21  55.55  46.55  7.53  45.91 ]        0.863804      0.632257
  314       316      0.533993  [ 44.32  6.29  49.38  54.48  15.46  30.06 ]         1.23379      0.632257
  315       317      0.532927  [ 44.32  6.29  49.38  54.48  15.46  30.06 ]         1.23379      0.632257
  316       318      0.531863  [ 48.71  10.68  40.62  49.27  10.25  40.48 ]         1.26434      0.632257
  317       319      0.530802  [ 58.12  20.10  21.78  67.49  28.47  4.04 ]         2.09531      0.632257
  318       320      0.529742  [ 53.86  15.83  30.31  65.87  26.85  7.28 ]         1.86253      0.632257
  319       321      0.528685  [ 44.72  6.69  48.59  46.14  7.11  46.75 ]        0.984409      0.632257
  320       322       0.52763  [ 44.72  6.69  48.59  46.14  7.11  46.75 ]        0.984409      0.632257
  321       323      0.526576  [ 49.46  11.43  39.11  51.19  12.17  36.64 ]          1.3892      0.632257
  322       324      0.525525  [ 61.67  23.64  14.69  39.62  0.59  59.79 ]         2.10111      0.632257
  323       325      0.524476  [ 58.49  20.47  21.04  54.25  15.23  30.52 ]         1.98775      0.632257
  324       326       0.52343  [ 57.85  19.82  22.33  65.27  26.25  8.48 ]          2.0487      0.632257
  325       327      0.522385  [ 44.50  6.48  49.02  42.01  2.98  55.01 ]         0.88011      0.632257
  326       328      0.521342  [ 44.50  6.48  49.02  42.01  2.98  55.01 ]         0.88011      0.632257
  327       329      0.520301  [ 44.50  6.48  49.02  42.01  2.98  55.01 ]         0.88011      0.632257
  328       330      0.519263  [ 44.50  6.48  49.02  42.01  2.98  55.01 ]         0.88011      0.632257
  329       331      0.518226  [ 44.50  6.48  49.02  42.01  2.98  55.01 ]         0.88011      0.632257
  330       332      0.517192  [ 48.08  10.05  41.87  55.48  16.45  28.07 ]         1.40687      0.632257
  331       333       0.51616  [ 43.38  5.35  51.27  48.24  9.22  42.55 ]         1.05766      0.632257
  332       334       0.51513  [ 43.38  5.35  51.27  48.24  9.22  42.55 ]         1.05766      0.632257
  333       335      0.514101  [ 43.38  5.35  51.27  48.24  9.22  42.55 ]         1.05766      0.632257
  334       336      0.513075  [ 46.80  8.77  44.43  57.47  18.45  24.08 ]         1.39201      0.632257
  335       337      0.512051  [ 46.80  8.77  44.43  57.47  18.45  24.08 ]         1.39201      0.632257
  336       338      0.511029  [ 57.44  19.42  23.14  63.34  24.32  12.34 ]         2.02144      0.632257
  337       339      0.510009  [ 46.35  8.33  45.32  39.65  0.62  59.73 ]         1.01785      0.632257
  338       340      0.508991  [ 51.20  13.18  35.62  53.60  14.58  31.83 ]         1.51938      0.632257
  339       341      0.507975  [ 41.02  3.00  55.98  46.67  7.65  45.68 ]        0.815555      0.632257
  340       342      0.506961  [ 41.02  3.00  55.98  46.67  7.65  45.68 ]        0.815555      0.632257
  341       343      0.505949  [ 41.02  3.00  55.98  46.67  7.65  45.68 ]        0.815555      0.632257
  342       344      0.504939  [ 57.40  19.38  23.22  39.89  0.87  59.24 ]         1.81257      0.632257
  343       345      0.503932  [ 55.87  17.85  26.28  68.57  29.55  1.89 ]         1.98339      0.632257
  344       346      0.502926  [ 52.10  14.07  33.83  47.22  8.20  44.59 ]         1.49885      0.632257
  345       347      0.501922  [ 40.58  2.55  56.87  58.09  19.07  22.84 ]         1.26833      0.632257
  346       348       0.50092  [ 40.58  2.55  56.87  58.09  19.07  22.84 ]         1.26833      0.632257
