******************Parametres initiaux***********************
Points do we try before stepping :N_TRIES=1
Iterations for each T :ITERS_FIXED_T=1
Step size in random walk :STEP_SIZE=200.000000
Boltzmann constant :K=1.000000
Initial temperature :T_INITIAL=1.000000
Damping factor for temperature MU_T=1.002000
Minimal Temperature T_MIN=5.000000e-01
Initial state :50.28	29.38	82.38	9.71	
*************************************************************
#-iter  #-evals   temperature     position   energy
    0         2             1  [ 21.12  0.21  78.67  82.36  9.70  7.94 ]         2.42528       2.00892
    1         3      0.998004  [ 22.76  1.86  75.37  74.18  1.51  24.32 ]         1.96809       1.96809
    2         4      0.996012  [ 25.26  4.36  70.38  74.71  2.05  23.24 ]         1.82899       1.82899
    3         5      0.994024  [ 30.22  9.32  60.46  77.73  5.06  17.21 ]         1.59021       1.59021
    4         6       0.99204  [ 42.84  21.94  35.22  81.48  8.82  9.70 ]         1.62787       1.59021
    5         7       0.99006  [ 34.61  13.71  51.69  82.56  9.90  7.54 ]         1.70785       1.59021
    6         8      0.988084  [ 49.30  28.40  22.30  75.31  2.65  22.04 ]         1.84662       1.59021
    7         9      0.986111  [ 49.30  28.40  22.30  75.31  2.65  22.04 ]         1.84662       1.59021
    8        10      0.984143  [ 40.04  19.14  40.83  79.40  6.74  13.86 ]          1.5102        1.5102
    9        11      0.982179  [ 40.04  19.14  40.83  79.40  6.74  13.86 ]          1.5102        1.5102
   10        12      0.980218  [ 51.74  30.84  17.42  81.15  8.49  10.36 ]         2.06611        1.5102
   11        13      0.978262  [ 48.89  27.99  23.12  80.90  8.23  10.87 ]         1.87602        1.5102
   12        14      0.976309  [ 36.98  16.08  46.94  77.71  5.04  17.25 ]         1.41067       1.41067
   13        15       0.97436  [ 30.43  9.52  60.05  75.49  2.82  21.69 ]         1.46001       1.41067
   14        16      0.972416  [ 32.82  11.92  55.26  77.89  5.23  16.88 ]         1.49746       1.41067
   15        17      0.970475  [ 23.02  2.12  74.85  84.36  11.69  3.95 ]         2.34882       1.41067
   16        18      0.968538  [ 48.79  27.88  23.33  81.97  9.30  8.73 ]         1.95004       1.41067
   17        19      0.966604  [ 48.79  27.88  23.33  81.97  9.30  8.73 ]         1.95004       1.41067
   18        20      0.964675  [ 39.70  18.80  41.50  85.94  13.28  0.78 ]         1.69615       1.41067
   19        21      0.962749  [ 28.57  7.67  63.77  82.33  9.66  8.01 ]          1.8517       1.41067
   20        22      0.960828  [ 55.05  34.15  10.81  74.27  1.61  24.12 ]         2.30448       1.41067
   21        23       0.95891  [ 33.66  12.75  53.59  86.31  13.64  0.05 ]         1.85826       1.41067
   22        24      0.956996  [ 53.26  32.35  14.39  80.21  7.55  12.24 ]         2.13487       1.41067
   23        25      0.955086  [ 36.90  16.00  47.10  79.76  7.09  13.15 ]         1.50544       1.41067
   24        26      0.953179  [ 33.04  12.14  54.82  77.61  4.94  17.45 ]           1.495       1.41067
   25        27      0.951277  [ 44.11  23.21  32.68  76.75  4.09  19.16 ]         1.56701       1.41067
   26        28      0.949378  [ 55.05  34.15  10.80  80.58  7.91  11.51 ]         2.26803       1.41067
   27        29      0.947483  [ 30.91  10.01  59.08  77.28  4.61  18.11 ]         1.57331       1.41067
   28        30      0.945592  [ 30.91  10.01  59.08  77.28  4.61  18.11 ]         1.57331       1.41067
   29        31      0.943705  [ 36.18  15.28  48.54  79.96  7.30  12.74 ]         1.48846       1.41067
   30        32      0.941821  [ 48.57  27.67  23.75  81.94  9.28  8.78 ]         1.88669       1.41067
   31        33      0.939941  [ 50.92  30.02  19.06  79.78  7.11  13.11 ]         1.98266       1.41067
   32        34      0.938065  [ 46.19  25.28  28.53  78.41  5.74  15.85 ]          1.7126       1.41067
   33        35      0.936193  [ 38.76  17.86  43.38  85.28  12.62  2.10 ]         1.68596       1.41067
   34        36      0.934324  [ 35.34  14.44  50.22  74.99  2.32  22.69 ]         1.40242       1.40242
   35        37      0.932459  [ 46.07  25.17  28.76  74.15  1.49  24.36 ]         1.62743       1.40242
   36        38      0.930598  [ 51.69  30.79  17.52  75.96  3.29  20.76 ]         2.03186       1.40242
   37        39       0.92874  [ 59.75  38.85  1.39  80.57  7.91  11.52 ]          2.6842       1.40242
   38        40      0.926887  [ 58.41  37.50  4.09  76.43  3.76  19.81 ]         2.57903       1.40242
   39        41      0.925036  [ 50.43  29.53  20.04  73.53  0.86  25.61 ]         1.89039       1.40242
   40        42       0.92319  [ 50.43  29.53  20.04  73.53  0.86  25.61 ]         1.89039       1.40242
   41        43      0.921347  [ 54.14  33.24  12.62  82.56  9.90  7.54 ]         2.21775       1.40242
   42        44      0.919508  [ 54.54  33.64  11.82  84.41  11.74  3.85 ]         2.27049       1.40242
   43        45      0.917673  [ 35.99  15.09  48.92  77.09  4.42  18.49 ]         1.44833       1.40242
   44        46      0.915841  [ 60.45  39.55  0.00  75.01  2.34  22.65 ]         2.72845       1.40242
   45        47      0.914013  [ 37.24  16.34  46.41  77.09  4.42  18.49 ]         1.45158       1.40242
   46        48      0.912189  [ 37.24  16.34  46.41  77.09  4.42  18.49 ]         1.45158       1.40242
   47        49      0.910368  [ 25.71  4.81  69.49  79.77  7.10  13.13 ]         1.89656       1.40242
   48        50      0.908551  [ 42.67  21.77  35.56  84.32  11.65  4.03 ]         1.68599       1.40242
   49        51      0.906738  [ 39.97  19.06  40.97  83.79  11.13  5.08 ]         1.63946       1.40242
   50        52      0.904928  [ 25.44  4.54  70.02  82.41  9.75  7.84 ]         2.13938       1.40242
   51        53      0.903122  [ 24.46  3.56  71.98  74.96  2.29  22.75 ]         1.70843       1.40242
   52        54      0.901319  [ 24.46  3.56  71.98  74.96  2.29  22.75 ]         1.70843       1.40242
   53        55       0.89952  [ 54.04  33.13  12.83  80.41  7.74  11.85 ]         2.18908       1.40242
   54        56      0.897724  [ 36.59  15.69  47.71  80.56  7.90  11.54 ]         1.53433       1.40242
   55        57      0.895933  [ 57.60  36.70  5.70  82.78  10.12  7.10 ]         2.54494       1.40242
   56        58      0.894144  [ 24.13  3.23  72.64  81.96  9.29  8.75 ]         2.21131       1.40242
   57        59       0.89236  [ 23.05  2.14  74.81  82.46  9.80  7.74 ]         2.21645       1.40242
   58        60      0.890578  [ 23.05  2.14  74.81  82.46  9.80  7.74 ]         2.21645       1.40242
   59        61      0.888801  [ 34.42  13.52  52.07  81.30  8.64  10.06 ]          1.6203       1.40242
   60        62      0.887027  [ 35.24  14.34  50.43  78.14  5.47  16.39 ]         1.50261       1.40242
   61        63      0.885256  [ 39.36  18.45  42.19  76.59  3.93  19.48 ]         1.43456       1.40242
   62        64      0.883489  [ 39.36  18.45  42.19  76.59  3.93  19.48 ]         1.43456       1.40242
   63        65      0.881726  [ 39.36  18.45  42.19  76.59  3.93  19.48 ]         1.43456       1.40242
   64        66      0.879966  [ 30.49  9.59  59.92  72.79  0.13  27.08 ]         1.39054       1.39054
   65        67      0.878209  [ 48.92  28.01  23.07  82.99  10.33  6.68 ]         1.95084       1.39054
   66        68      0.876457  [ 32.48  11.58  55.95  74.47  1.81  23.72 ]         1.47801       1.39054
   67        69      0.874707  [ 32.48  11.58  55.95  74.47  1.81  23.72 ]         1.47801       1.39054
   68        70      0.872961  [ 32.48  11.58  55.95  74.47  1.81  23.72 ]         1.47801       1.39054
   69        71      0.871219  [ 53.09  32.19  14.72  82.04  9.38  8.58 ]         2.20229       1.39054
   70        72       0.86948  [ 46.45  25.55  28.00  84.14  11.48  4.38 ]          1.8142       1.39054
   71        73      0.867744  [ 38.65  17.75  43.61  76.85  4.18  18.97 ]         1.45016       1.39054
   72        74      0.866012  [ 27.60  6.70  65.70  75.36  2.70  21.94 ]         1.61909       1.39054
   73        75      0.864284  [ 42.40  21.50  36.10  77.96  5.30  16.74 ]          1.5517       1.39054
   74        76      0.862559  [ 42.40  21.50  36.10  77.96  5.30  16.74 ]          1.5517       1.39054
   75        77      0.860837  [ 42.40  21.50  36.10  77.96  5.30  16.74 ]          1.5517       1.39054
   76        78      0.859119  [ 52.83  31.93  15.25  74.27  1.60  24.13 ]          2.1571       1.39054
   77        79      0.857404  [ 52.57  31.67  15.76  82.08  9.41  8.51 ]         2.11641       1.39054
   78        80      0.855692  [ 32.98  12.08  54.94  85.23  12.56  2.21 ]          1.8033       1.39054
   79        81      0.853985  [ 36.15  15.25  48.60  82.06  9.39  8.55 ]         1.61028       1.39054
   80        82       0.85228  [ 22.87  1.97  75.16  73.68  1.01  25.31 ]         1.96266       1.39054
   81        83      0.850579  [ 40.76  19.86  39.38  76.87  4.20  18.93 ]         1.45231       1.39054
   82        84      0.848881  [ 40.76  19.86  39.38  76.87  4.20  18.93 ]         1.45231       1.39054
   83        85      0.847187  [ 51.11  30.21  18.68  79.93  7.26  12.81 ]         1.96329       1.39054
   84        86      0.845496  [ 48.93  28.03  23.04  80.66  8.00  11.34 ]         1.86972       1.39054
   85        87      0.843808  [ 34.39  13.49  52.11  78.51  5.85  15.64 ]         1.46762       1.39054
   86        88      0.842124  [ 34.39  13.49  52.11  78.51  5.85  15.64 ]         1.46762       1.39054
   87        89      0.840443  [ 34.39  13.49  52.11  78.51  5.85  15.64 ]         1.46762       1.39054
   88        90      0.838765  [ 30.33  9.43  60.24  75.41  2.75  21.84 ]         1.48367       1.39054
   89        91      0.837091  [ 58.43  37.52  4.05  85.95  13.28  0.77 ]         2.57958       1.39054
   90        92       0.83542  [ 50.08  29.17  20.75  74.25  1.59  24.16 ]         1.83897       1.39054
   91        93      0.833753  [ 42.42  21.52  36.06  73.26  0.59  26.15 ]         1.40929       1.39054
   92        94      0.832089  [ 30.77  9.87  59.36  74.78  2.11  23.11 ]         1.48645       1.39054
   93        95      0.830428  [ 28.24  7.33  64.43  85.89  13.23  0.88 ]         2.02716       1.39054
   94        96       0.82877  [ 26.74  5.84  67.42  73.88  1.21  24.91 ]         1.69766       1.39054
   95        97      0.827116  [ 23.93  3.03  73.04  85.97  13.30  0.73 ]          2.3517       1.39054
   96        98      0.825465  [ 39.71  18.81  41.48  79.69  7.02  13.29 ]         1.50469       1.39054
   97        99      0.823817  [ 30.50  9.60  59.89  74.18  1.51  24.30 ]         1.43321       1.39054
   98       100      0.822173  [ 27.34  6.43  66.23  83.25  10.59  6.16 ]            1.92       1.39054
   99       101      0.820532  [ 28.67  7.77  63.56  75.64  2.97  21.38 ]         1.60175       1.39054
  100       102      0.818894  [ 44.47  23.57  31.96  83.43  10.76  5.81 ]         1.69615       1.39054
  101       103       0.81726  [ 26.59  5.69  67.72  80.84  8.18  10.98 ]         1.92281       1.39054
  102       104      0.815629  [ 55.30  34.40  10.30  81.23  8.57  10.20 ]         2.33251       1.39054
  103       105      0.814001  [ 49.66  28.76  21.58  76.36  3.69  19.95 ]         1.86153       1.39054
  104       106      0.812376  [ 49.66  28.76  21.58  76.36  3.69  19.95 ]         1.86153       1.39054
  105       107      0.810754  [ 49.66  28.76  21.58  76.36  3.69  19.95 ]         1.86153       1.39054
  106       108      0.809136  [ 33.35  12.45  54.20  79.98  7.31  12.71 ]         1.64241       1.39054
  107       109      0.807521  [ 22.92  2.02  75.06  72.84  0.18  26.98 ]         1.90262       1.39054
  108       110      0.805909  [ 32.52  11.61  55.87  78.90  6.23  14.87 ]         1.59635       1.39054
  109       111      0.804301  [ 32.52  11.61  55.87  78.90  6.23  14.87 ]         1.59635       1.39054
  110       112      0.802695  [ 50.09  29.19  20.72  75.78  3.12  21.10 ]         1.90701       1.39054
  111       113      0.801093  [ 53.29  32.38  14.33  85.14  12.48  2.38 ]         2.17505       1.39054
  112       114      0.799494  [ 46.89  25.99  27.13  81.40  8.74  9.86 ]           1.819       1.39054
  113       115      0.797898  [ 32.00  11.09  56.91  79.26  6.60  14.14 ]         1.60277       1.39054
  114       116      0.796306  [ 44.34  23.43  32.23  78.27  5.61  16.12 ]         1.60689       1.39054
  115       117      0.794716  [ 44.34  23.43  32.23  78.27  5.61  16.12 ]         1.60689       1.39054
  116       118       0.79313  [ 32.85  11.95  55.19  83.14  10.47  6.39 ]         1.73832       1.39054
  117       119      0.791547  [ 56.84  35.94  7.21  78.83  6.16  15.01 ]         2.42635       1.39054
  118       120      0.789967  [ 57.50  36.59  5.91  85.71  13.05  1.24 ]         2.49701       1.39054
  119       121       0.78839  [ 30.19  9.28  60.53  80.26  7.59  12.15 ]         1.80777       1.39054
  120       122      0.786816  [ 24.79  3.88  71.33  82.04  9.38  8.58 ]          2.1075       1.39054
  121       123      0.785246  [ 27.12  6.22  66.66  79.70  7.03  13.27 ]           1.846       1.39054
  122       124      0.783679  [ 41.28  20.38  38.34  86.24  13.57  0.19 ]         1.71442       1.39054
  123       125      0.782114  [ 41.28  20.38  38.34  86.24  13.57  0.19 ]         1.71442       1.39054
  124       126      0.780553  [ 45.08  24.18  30.74  77.43  4.76  17.81 ]         1.62888       1.39054
  125       127      0.778995  [ 55.63  34.72  9.65  76.50  3.84  19.66 ]         2.34892       1.39054
  126       128       0.77744  [ 20.91  0.01  79.08  76.92  4.26  18.82 ]         2.14415       1.39054
  127       129      0.775889  [ 51.17  30.26  18.57  80.52  7.86  11.62 ]         2.02658       1.39054
  128       130       0.77434  [ 33.79  12.89  53.32  84.52  11.85  3.63 ]         1.77169       1.39054
  129       131      0.772794  [ 42.51  21.60  35.89  77.53  4.87  17.60 ]         1.55641       1.39054
  130       132      0.771252  [ 42.51  21.60  35.89  77.53  4.87  17.60 ]         1.55641       1.39054
  131       133      0.769712  [ 42.51  21.60  35.89  77.53  4.87  17.60 ]         1.55641       1.39054
  132       134      0.768176  [ 43.04  22.13  34.83  79.73  7.07  13.20 ]         1.57405       1.39054
  133       135      0.766643  [ 43.04  22.13  34.83  79.73  7.07  13.20 ]         1.57405       1.39054
  134       136      0.765113  [ 43.04  22.13  34.83  79.73  7.07  13.20 ]         1.57405       1.39054
  135       137      0.763585  [ 51.62  30.72  17.66  78.67  6.01  15.32 ]         2.02699       1.39054
  136       138      0.762061  [ 32.85  11.95  55.20  86.02  13.36  0.62 ]          1.8325       1.39054
  137       139       0.76054  [ 25.22  4.31  70.47  77.34  4.67  17.99 ]         1.82774       1.39054
  138       140      0.759022  [ 25.22  4.31  70.47  77.34  4.67  17.99 ]         1.82774       1.39054
  139       141      0.757507  [ 32.46  11.56  55.97  75.00  2.33  22.67 ]         1.49157       1.39054
  140       142      0.755995  [ 29.89  8.98  61.13  77.81  5.14  17.05 ]          1.6435       1.39054
  141       143      0.754486  [ 50.59  29.69  19.73  86.07  13.41  0.52 ]         2.02327       1.39054
  142       144       0.75298  [ 32.79  11.89  55.31  73.38  0.71  25.91 ]          1.3933       1.39054
  143       145      0.751477  [ 32.79  11.89  55.31  73.38  0.71  25.91 ]          1.3933       1.39054
  144       146      0.749977  [ 21.20  0.30  78.50  84.04  11.38  4.58 ]         2.46867       1.39054
  145       147       0.74848  [ 51.69  30.79  17.52  82.90  10.24  6.86 ]         2.09065       1.39054
  146       148      0.746986  [ 37.85  16.95  45.20  77.98  5.31  16.70 ]         1.44846       1.39054
  147       149      0.745495  [ 37.85  16.95  45.20  77.98  5.31  16.70 ]         1.44846       1.39054
  148       150      0.744007  [ 41.66  20.76  37.58  74.92  2.26  22.82 ]         1.43713       1.39054
  149       151      0.742522  [ 41.66  20.76  37.58  74.92  2.26  22.82 ]         1.43713       1.39054
  150       152       0.74104  [ 42.78  21.87  35.35  77.12  4.45  18.43 ]          1.5244       1.39054
  151       153      0.739561  [ 50.29  29.39  20.31  84.88  12.22  2.90 ]         2.01233       1.39054
  152       154      0.738085  [ 50.29  29.39  20.31  84.88  12.22  2.90 ]         2.01233       1.39054
  153       155      0.736612  [ 42.69  21.79  35.52  81.28  8.61  10.11 ]         1.64754       1.39054
  154       156      0.735141  [ 46.56  25.65  27.79  75.47  2.81  21.72 ]         1.67783       1.39054
  155       157      0.733674  [ 47.39  26.49  26.13  83.91  11.24  4.85 ]         1.86289       1.39054
  156       158       0.73221  [ 30.74  9.84  59.42  81.44  8.78  9.78 ]         1.78315       1.39054
  157       159      0.730748  [ 57.60  36.70  5.70  84.25  11.58  4.17 ]         2.51459       1.39054
  158       160       0.72929  [ 23.90  3.00  73.09  80.75  8.08  11.17 ]          2.1555       1.39054
  159       161      0.727834  [ 24.50  3.60  71.91  77.28  4.62  18.10 ]         1.84483       1.39054
  160       162      0.726381  [ 39.41  18.51  42.08  74.57  1.91  23.52 ]         1.38822       1.38822
  161       163      0.724931  [ 39.41  18.51  42.08  74.57  1.91  23.52 ]         1.38822       1.38822
  162       164      0.723484  [ 36.89  15.99  47.11  77.56  4.90  17.54 ]         1.48812       1.38822
  163       165       0.72204  [ 35.50  14.60  49.89  76.51  3.85  19.64 ]         1.38804       1.38804
  164       166      0.720599  [ 37.09  16.19  46.72  73.19  0.53  26.28 ]          1.2786        1.2786
  165       167      0.719161  [ 37.09  16.19  46.72  73.19  0.53  26.28 ]          1.2786        1.2786
  166       168      0.717725  [ 37.09  16.19  46.72  73.19  0.53  26.28 ]          1.2786        1.2786
  167       169      0.716293  [ 22.87  1.96  75.17  80.35  7.68  11.97 ]         2.12315        1.2786
  168       170      0.714863  [ 36.60  15.70  47.70  83.01  10.34  6.65 ]         1.63522        1.2786
  169       171      0.713436  [ 36.60  15.70  47.70  83.01  10.34  6.65 ]         1.63522        1.2786
  170       172      0.712012  [ 47.32  26.42  26.26  75.47  2.80  21.73 ]         1.72664        1.2786
  171       173      0.710591  [ 39.20  18.30  42.50  75.12  2.45  22.43 ]         1.38199        1.2786
  172       174      0.709173  [ 39.20  18.30  42.50  75.12  2.45  22.43 ]         1.38199        1.2786
  173       175      0.707757  [ 39.65  18.75  41.60  79.27  6.60  14.13 ]         1.49439        1.2786
  174       176      0.706344  [ 40.36  19.46  40.19  82.68  10.01  7.31 ]         1.60951        1.2786
  175       177      0.704934  [ 36.56  15.66  47.78  74.29  1.62  24.09 ]         1.35009        1.2786
  176       178      0.703527  [ 39.08  18.18  42.74  76.60  3.93  19.47 ]         1.44545        1.2786
  177       179      0.702123  [ 35.50  14.59  49.91  76.44  3.78  19.78 ]         1.41721        1.2786
  178       180      0.700722  [ 35.50  14.59  49.91  76.44  3.78  19.78 ]         1.41721        1.2786
  179       181      0.699323  [ 36.61  15.70  47.69  76.18  3.52  20.30 ]         1.45185        1.2786
  180       182      0.697927  [ 36.61  15.70  47.69  76.18  3.52  20.30 ]         1.45185        1.2786
  181       183      0.696534  [ 36.61  15.70  47.69  76.18  3.52  20.30 ]         1.45185        1.2786
  182       184      0.695144  [ 36.54  15.64  47.82  73.14  0.48  26.38 ]         1.30818        1.2786
  183       185      0.693756  [ 36.54  15.64  47.82  73.14  0.48  26.38 ]         1.30818        1.2786
  184       186      0.692372  [ 57.30  36.40  6.30  76.41  3.75  19.84 ]         2.48116        1.2786
  185       187       0.69099  [ 28.99  8.09  62.92  81.66  9.00  9.34 ]         1.86337        1.2786
  186       188       0.68961  [ 49.73  28.83  21.43  77.84  5.17  16.99 ]         1.90937        1.2786
  187       189      0.688234  [ 44.31  23.41  32.28  84.33  11.67  4.00 ]         1.70691        1.2786
  188       190       0.68686  [ 59.34  38.44  2.22  74.47  1.81  23.72 ]         2.62728        1.2786
  189       191      0.685489  [ 53.65  32.74  13.61  74.84  2.17  22.99 ]         2.16894        1.2786
  190       192      0.684121  [ 21.71  0.80  77.49  77.86  5.19  16.95 ]         2.08968        1.2786
  191       193      0.682755  [ 40.49  19.58  39.93  82.81  10.15  7.04 ]         1.63275        1.2786
  192       194      0.681393  [ 25.87  4.97  69.15  75.58  2.91  21.51 ]         1.72106        1.2786
  193       195      0.680033  [ 25.87  4.97  69.15  75.58  2.91  21.51 ]         1.72106        1.2786
  194       196      0.678675  [ 25.87  4.97  69.15  75.58  2.91  21.51 ]         1.72106        1.2786
  195       197      0.677321  [ 40.12  19.22  40.66  72.69  0.02  27.29 ]         1.33593        1.2786
  196       198      0.675969  [ 40.12  19.22  40.66  72.69  0.02  27.29 ]         1.33593        1.2786
  197       199      0.674619  [ 45.21  24.31  30.48  85.88  13.22  0.90 ]         1.77144        1.2786
  198       200      0.673273  [ 46.10  25.20  28.71  85.78  13.11  1.11 ]         1.81352        1.2786
  199       201      0.671929  [ 26.28  5.38  68.34  76.92  4.25  18.83 ]          1.8374        1.2786
  200       202      0.670588  [ 21.22  0.32  78.45  74.31  1.65  24.04 ]         2.09939        1.2786
  201       203      0.669249  [ 37.37  16.47  46.15  73.45  0.79  25.76 ]          1.3178        1.2786
  202       204      0.667914  [ 27.07  6.17  66.77  79.14  6.48  14.38 ]         1.97072        1.2786
  203       205       0.66658  [ 46.12  25.22  28.66  85.60  12.94  1.46 ]         1.83238        1.2786
  204       206       0.66525  [ 46.12  25.22  28.66  85.60  12.94  1.46 ]         1.83238        1.2786
  205       207      0.663922  [ 46.12  25.22  28.66  85.60  12.94  1.46 ]         1.83238        1.2786
  206       208      0.662597  [ 38.01  17.11  44.88  80.17  7.50  12.33 ]          1.5436        1.2786
  207       209      0.661274  [ 30.68  9.78  59.54  76.95  4.28  18.78 ]         1.70133        1.2786
  208       210      0.659954  [ 30.68  9.78  59.54  76.95  4.28  18.78 ]         1.70133        1.2786
  209       211      0.658637  [ 53.63  32.72  13.65  84.31  11.64  4.05 ]         2.18639        1.2786
  210       212      0.657322  [ 52.99  32.09  14.92  75.52  2.86  21.62 ]         2.13574        1.2786
  211       213       0.65601  [ 52.99  32.09  14.92  75.52  2.86  21.62 ]         2.13574        1.2786
  212       214      0.654701  [ 39.69  18.79  41.51  79.73  7.07  13.20 ]         1.55136        1.2786
  213       215      0.653394  [ 40.22  19.32  40.46  77.23  4.57  18.20 ]           1.476        1.2786
  214       216       0.65209  [ 40.22  19.32  40.46  77.23  4.57  18.20 ]           1.476        1.2786
  215       217      0.650789  [ 31.08  10.17  58.75  78.52  5.85  15.63 ]         1.65968        1.2786
  216       218       0.64949  [ 31.08  10.17  58.75  78.52  5.85  15.63 ]         1.65968        1.2786
  217       219      0.648193  [ 51.95  31.04  17.01  77.10  4.44  18.46 ]         2.03516        1.2786
  218       220      0.646899  [ 50.92  30.02  19.06  76.18  3.52  20.30 ]         1.97284        1.2786
  219       221      0.645608  [ 35.27  14.37  50.36  76.59  3.92  19.48 ]         1.42249        1.2786
  220       222      0.644319  [ 38.15  17.25  44.60  76.45  3.79  19.76 ]         1.40215        1.2786
  221       223      0.643033  [ 35.83  14.93  49.24  73.98  1.31  24.71 ]         1.31858        1.2786
  222       224       0.64175  [ 57.79  36.89  5.33  81.53  8.86  9.61 ]         2.51979        1.2786
  223       225      0.640469  [ 37.30  16.40  46.30  82.19  9.52  8.29 ]         1.57629        1.2786
  224       226      0.639191  [ 25.28  4.38  70.33  86.23  13.57  0.20 ]         2.30806        1.2786
  225       227      0.637915  [ 43.21  22.31  34.49  82.64  9.97  7.40 ]         1.65827        1.2786
  226       228      0.636641  [ 35.69  14.79  49.52  78.70  6.04  15.26 ]         1.49206        1.2786
  227       229      0.635371  [ 35.85  14.95  49.21  75.44  2.77  21.79 ]         1.35217        1.2786
  228       230      0.634103  [ 35.85  14.95  49.21  75.44  2.77  21.79 ]         1.35217        1.2786
  229       231      0.632837  [ 35.85  14.95  49.21  75.44  2.77  21.79 ]         1.35217        1.2786
  230       232      0.631574  [ 35.85  14.95  49.21  75.44  2.77  21.79 ]         1.35217        1.2786
  231       233      0.630313  [ 55.37  34.46  10.17  84.56  11.89  3.55 ]         2.32112        1.2786
  232       234      0.629055  [ 21.02  0.12  78.86  79.39  6.72  13.89 ]         2.35111        1.2786
  233       235      0.627799  [ 49.50  28.59  21.91  79.98  7.32  12.70 ]         1.88011        1.2786
  234       236      0.626546  [ 48.00  27.10  24.90  75.15  2.48  22.37 ]         1.75072        1.2786
  235       237      0.625296  [ 36.82  15.92  47.26  76.67  4.01  19.32 ]         1.39299        1.2786
  236       238      0.624048  [ 36.82  15.92  47.26  76.67  4.01  19.32 ]         1.39299        1.2786
  237       239      0.622802  [ 36.82  15.92  47.26  76.67  4.01  19.32 ]         1.39299        1.2786
  238       240      0.621559  [ 36.82  15.92  47.26  76.67  4.01  19.32 ]         1.39299        1.2786
  239       241      0.620318  [ 36.82  15.92  47.26  76.67  4.01  19.32 ]         1.39299        1.2786
  240       242       0.61908  [ 38.85  17.95  43.19  85.99  13.33  0.68 ]         1.70488        1.2786
  241       243      0.617844  [ 38.85  17.95  43.19  85.99  13.33  0.68 ]         1.70488        1.2786
  242       244      0.616611  [ 38.85  17.95  43.19  85.99  13.33  0.68 ]         1.70488        1.2786
  243       245       0.61538  [ 38.85  17.95  43.19  85.99  13.33  0.68 ]         1.70488        1.2786
  244       246      0.614152  [ 34.42  13.52  52.07  84.61  11.94  3.45 ]         1.71459        1.2786
  245       247      0.612926  [ 50.78  29.88  19.34  77.78  5.11  17.11 ]         1.97443        1.2786
  246       248      0.611703  [ 50.78  29.88  19.34  77.78  5.11  17.11 ]         1.97443        1.2786
  247       249      0.610482  [ 49.39  28.48  22.13  74.46  1.79  23.75 ]          1.8443        1.2786
  248       250      0.609263  [ 48.71  27.81  23.48  76.43  3.77  19.80 ]         1.79158        1.2786
  249       251      0.608047  [ 32.04  11.14  56.82  77.94  5.28  16.78 ]         1.56294        1.2786
  250       252      0.606834  [ 35.00  14.10  50.90  85.77  13.10  1.13 ]         1.75783        1.2786
  251       253      0.605622  [ 35.00  14.10  50.90  85.77  13.10  1.13 ]         1.75783        1.2786
  252       254      0.604414  [ 41.80  20.90  37.29  78.98  6.31  14.71 ]         1.57166        1.2786
  253       255      0.603207  [ 38.19  17.29  44.52  80.61  7.95  11.44 ]         1.52284        1.2786
  254       256      0.602003  [ 40.76  19.86  39.38  82.53  9.86  7.61 ]         1.63595        1.2786
  255       257      0.600802  [ 56.29  35.39  8.32  78.78  6.12  15.10 ]         2.39181        1.2786
  256       258      0.599602  [ 55.39  34.49  10.12  74.26  1.59  24.15 ]         2.31108        1.2786
  257       259      0.598405  [ 44.77  23.87  31.36  83.09  10.42  6.50 ]          1.6815        1.2786
  258       260      0.597211  [ 34.19  13.29  52.52  77.45  4.79  17.76 ]         1.48443        1.2786
  259       261      0.596019  [ 34.19  13.29  52.52  77.45  4.79  17.76 ]         1.48443        1.2786
  260       262      0.594829  [ 34.19  13.29  52.52  77.45  4.79  17.76 ]         1.48443        1.2786
  261       263      0.593642  [ 31.20  10.30  58.51  73.25  0.58  26.17 ]         1.43312        1.2786
  262       264      0.592457  [ 31.20  10.30  58.51  73.25  0.58  26.17 ]         1.43312        1.2786
  263       265      0.591275  [ 39.79  18.89  41.32  76.55  3.88  19.57 ]         1.48158        1.2786
  264       266      0.590094  [ 39.79  18.89  41.32  76.55  3.88  19.57 ]         1.48158        1.2786
  265       267      0.588917  [ 54.48  33.58  11.95  85.05  12.39  2.56 ]         2.27573        1.2786
  266       268      0.587741  [ 22.73  1.83  75.44  85.38  12.71  1.91 ]         2.49128        1.2786
  267       269      0.586568  [ 38.34  17.43  44.23  74.04  1.38  24.58 ]         1.35199        1.2786
  268       270      0.585397  [ 38.34  17.43  44.23  74.04  1.38  24.58 ]         1.35199        1.2786
  269       271      0.584229  [ 39.21  18.31  42.47  72.77  0.11  27.12 ]         1.34104        1.2786
  270       272      0.583063  [ 47.41  26.51  26.07  75.53  2.87  21.60 ]         1.74773        1.2786
  271       273      0.581899  [ 25.99  5.09  68.91  73.49  0.83  25.68 ]         1.71139        1.2786
  272       274      0.580737  [ 40.07  19.17  40.75  76.11  3.44  20.45 ]         1.45819        1.2786
  273       275      0.579578  [ 40.07  19.17  40.75  76.11  3.44  20.45 ]         1.45819        1.2786
  274       276      0.578421  [ 28.85  7.95  63.20  79.05  6.39  14.56 ]         1.72585        1.2786
  275       277      0.577267  [ 47.24  26.34  26.42  83.96  11.29  4.76 ]         1.87347        1.2786
  276       278      0.576115  [ 41.54  20.64  37.82  74.14  1.47  24.38 ]         1.44518        1.2786
  277       279      0.574965  [ 44.67  23.77  31.56  82.28  9.61  8.11 ]         1.67682        1.2786
  278       280      0.573817  [ 44.90  24.00  31.10  82.11  9.45  8.44 ]         1.67716        1.2786
  279       281      0.572672  [ 44.90  24.00  31.10  82.11  9.45  8.44 ]         1.67716        1.2786
  280       282      0.571529  [ 53.31  32.41  14.29  80.91  8.25  10.84 ]         2.18514        1.2786
  281       283      0.570388  [ 21.49  0.59  77.92  76.77  4.11  19.12 ]         2.15961        1.2786
  282       284      0.569249  [ 31.01  10.10  58.89  73.01  0.35  26.64 ]         1.37152        1.2786
  283       285      0.568113  [ 31.01  10.10  58.89  73.01  0.35  26.64 ]         1.37152        1.2786
  284       286      0.566979  [ 31.01  10.10  58.89  73.01  0.35  26.64 ]         1.37152        1.2786
  285       287      0.565847  [ 31.01  10.10  58.89  73.01  0.35  26.64 ]         1.37152        1.2786
  286       288      0.564718  [ 31.01  10.10  58.89  73.01  0.35  26.64 ]         1.37152        1.2786
  287       289      0.563591  [ 31.01  10.10  58.89  73.01  0.35  26.64 ]         1.37152        1.2786
  288       290      0.562466  [ 31.01  10.10  58.89  73.01  0.35  26.64 ]         1.37152        1.2786
  289       291      0.561343  [ 42.41  21.51  36.07  83.98  11.32  4.70 ]         1.68143        1.2786
  290       292      0.560223  [ 41.28  20.38  38.34  84.41  11.74  3.85 ]         1.66556        1.2786
  291       293      0.559105  [ 24.60  3.70  71.70  83.91  11.25  4.84 ]         2.27796        1.2786
  292       294      0.557989  [ 47.40  26.50  26.11  74.78  2.11  23.11 ]         1.71746        1.2786
  293       295      0.556875  [ 35.02  14.12  50.86  76.77  4.11  19.12 ]         1.47161        1.2786
  294       296      0.555763  [ 35.02  14.12  50.86  76.77  4.11  19.12 ]         1.47161        1.2786
  295       297      0.554654  [ 35.02  14.12  50.86  76.77  4.11  19.12 ]         1.47161        1.2786
  296       298      0.553547  [ 35.02  14.12  50.86  76.77  4.11  19.12 ]         1.47161        1.2786
  297       299      0.552442  [ 35.02  14.12  50.86  76.77  4.11  19.12 ]         1.47161        1.2786
  298       300      0.551339  [ 52.94  32.04  15.02  80.97  8.31  10.72 ]         2.15778        1.2786
  299       301      0.550239  [ 53.94  33.03  13.03  84.46  11.80  3.74 ]         2.20175        1.2786
  300       302      0.549141  [ 48.13  27.23  24.64  80.13  7.46  12.41 ]         1.79295        1.2786
  301       303      0.548044  [ 50.02  29.11  20.87  80.28  7.61  12.11 ]         1.93813        1.2786
  302       304      0.546951  [ 51.02  30.12  18.86  78.44  5.78  15.78 ]         1.96005        1.2786
  303       305      0.545859  [ 36.39  15.48  48.13  84.67  12.00  3.33 ]         1.71056        1.2786
  304       306      0.544769  [ 36.36  15.46  48.18  80.21  7.55  12.24 ]         1.53382        1.2786
  305       307      0.543682  [ 36.36  15.46  48.18  80.21  7.55  12.24 ]         1.53382        1.2786
  306       308      0.542597  [ 36.36  15.46  48.18  80.21  7.55  12.24 ]         1.53382        1.2786
  307       309      0.541514  [ 41.61  20.71  37.68  75.75  3.09  21.16 ]         1.49916        1.2786
  308       310      0.540433  [ 41.61  20.71  37.68  75.75  3.09  21.16 ]         1.49916        1.2786
  309       311      0.539354  [ 41.61  20.71  37.68  75.75  3.09  21.16 ]         1.49916        1.2786
  310       312      0.538278  [ 41.37  20.47  38.16  74.28  1.61  24.11 ]          1.4067        1.2786
  311       313      0.537203  [ 39.45  18.54  42.01  77.40  4.74  17.86 ]         1.46187        1.2786
  312       314      0.536131  [ 59.96  39.05  0.99  75.33  2.66  22.01 ]         2.68733        1.2786
  313       315      0.535061  [ 35.65  14.74  49.61  75.87  3.20  20.93 ]          1.4207        1.2786
  314       316      0.533993  [ 30.97  10.06  58.97  74.08  1.41  24.51 ]         1.48221        1.2786
  315       317      0.532927  [ 30.97  10.06  58.97  74.08  1.41  24.51 ]         1.48221        1.2786
  316       318      0.531863  [ 23.42  2.52  74.06  73.84  1.17  24.99 ]         1.82675        1.2786
  317       319      0.530802  [ 23.42  2.52  74.06  73.84  1.17  24.99 ]         1.82675        1.2786
  318       320      0.529742  [ 42.24  21.34  36.42  72.97  0.31  26.72 ]         1.38709        1.2786
  319       321      0.528685  [ 42.24  21.34  36.42  72.97  0.31  26.72 ]         1.38709        1.2786
  320       322       0.52763  [ 50.17  29.27  20.55  80.66  7.99  11.35 ]           1.934        1.2786
  321       323      0.526576  [ 52.39  31.48  16.13  83.09  10.43  6.48 ]         2.14113        1.2786
  322       324      0.525525  [ 51.94  31.04  17.02  75.46  2.80  21.74 ]         2.04545        1.2786
  323       325      0.524476  [ 22.89  1.99  75.11  82.65  9.99  7.36 ]         2.35852        1.2786
  324       326       0.52343  [ 51.82  30.92  17.26  84.97  12.30  2.73 ]         2.05242        1.2786
  325       327      0.522385  [ 42.40  21.49  36.11  77.33  4.67  18.00 ]         1.54587        1.2786
  326       328      0.521342  [ 42.40  21.49  36.11  77.33  4.67  18.00 ]         1.54587        1.2786
  327       329      0.520301  [ 26.18  5.28  68.54  73.03  0.37  26.60 ]         1.63404        1.2786
  328       330      0.519263  [ 34.62  13.71  51.67  78.31  5.65  16.04 ]           1.508        1.2786
  329       331      0.518226  [ 40.42  19.52  40.06  82.13  9.46  8.41 ]         1.60081        1.2786
  330       332      0.517192  [ 44.15  23.25  32.60  78.00  5.34  16.66 ]         1.65906        1.2786
  331       333       0.51616  [ 35.53  14.62  49.85  80.04  7.37  12.59 ]          1.5272        1.2786
  332       334       0.51513  [ 35.53  14.62  49.85  80.04  7.37  12.59 ]          1.5272        1.2786
  333       335      0.514101  [ 35.53  14.62  49.85  80.04  7.37  12.59 ]          1.5272        1.2786
  334       336      0.513075  [ 35.53  14.62  49.85  80.04  7.37  12.59 ]          1.5272        1.2786
  335       337      0.512051  [ 35.53  14.62  49.85  80.04  7.37  12.59 ]          1.5272        1.2786
  336       338      0.511029  [ 44.32  23.42  32.26  78.81  6.14  15.05 ]         1.62164        1.2786
  337       339      0.510009  [ 44.32  23.42  32.26  78.81  6.14  15.05 ]         1.62164        1.2786
  338       340      0.508991  [ 29.01  8.11  62.88  83.23  10.57  6.20 ]         1.83721        1.2786
  339       341      0.507975  [ 29.01  8.11  62.88  83.23  10.57  6.20 ]         1.83721        1.2786
  340       342      0.506961  [ 49.96  29.06  20.97  81.01  8.35  10.64 ]         1.94005        1.2786
  341       343      0.505949  [ 37.22  16.32  46.46  79.31  6.65  14.04 ]         1.51613        1.2786
  342       344      0.504939  [ 38.57  17.67  43.77  86.25  13.59  0.16 ]         1.71488        1.2786
  343       345      0.503932  [ 30.31  9.41  60.29  84.91  12.25  2.84 ]         1.95052        1.2786
  344       346      0.502926  [ 52.11  31.21  16.67  75.04  2.37  22.59 ]         2.02807        1.2786
  345       347      0.501922  [ 35.16  14.25  50.59  74.66  2.00  23.34 ]         1.38034        1.2786
  346       348       0.50092  [ 35.16  14.25  50.59  74.66  2.00  23.34 ]         1.38034        1.2786
