******************Parametres initiaux***********************
Points do we try before stepping :N_TRIES=1
Iterations for each T :ITERS_FIXED_T=1
Step size in random walk :STEP_SIZE=200.000000
Boltzmann constant :K=1.000000
Initial temperature :T_INITIAL=1.000000
Damping factor for temperature MU_T=1.002000
Minimal Temperature T_MIN=5.000000e-01
Initial state :9.11	39.53	23.45	28.03	
*************************************************************
#-iter  #-evals   temperature     position   energy
    0         2             1  [ 4.77  35.19  60.04  19.85  24.43  55.72 ]        0.929727      0.929727
    1         3      0.998004  [ 2.98  33.41  63.61  10.73  15.32  73.95 ]        0.853828      0.853828
    2         4      0.996012  [ 2.98  33.41  63.61  10.73  15.32  73.95 ]        0.853828      0.853828
    3         5      0.994024  [ 26.60  57.03  16.37  34.23  38.81  26.96 ]         2.34447      0.853828
    4         6       0.99204  [ 14.94  45.37  39.68  9.63  14.22  76.15 ]         1.52198      0.853828
    5         7       0.99006  [ 8.15  38.58  53.27  1.22  5.80  92.98 ]         1.20096      0.853828
    6         8      0.988084  [ 8.15  38.58  53.27  1.22  5.80  92.98 ]         1.20096      0.853828
    7         9      0.986111  [ 5.76  36.19  58.06  35.51  40.10  24.39 ]         1.37054      0.853828
    8        10      0.984143  [ 14.11  44.54  41.34  3.71  8.29  88.00 ]         1.42055      0.853828
    9        11      0.982179  [ 5.38  35.80  58.82  32.65  37.23  30.12 ]         1.24894      0.853828
   10        12      0.980218  [ 4.03  34.45  61.52  8.88  13.47  77.65 ]        0.903851      0.853828
   11        13      0.978262  [ 4.03  34.45  61.52  8.88  13.47  77.65 ]        0.903851      0.853828
   12        14      0.976309  [ 11.49  41.92  46.59  16.09  20.67  63.24 ]         1.35983      0.853828
   13        15       0.97436  [ 4.54  34.97  60.48  32.99  37.57  29.44 ]         1.25188      0.853828
   14        16      0.972416  [ 4.54  34.97  60.48  32.99  37.57  29.44 ]         1.25188      0.853828
   15        17      0.970475  [ 3.14  33.57  63.29  47.52  52.11  0.37 ]         1.73135      0.853828
   16        18      0.968538  [ 11.46  41.88  46.66  34.87  39.45  25.68 ]         1.61935      0.853828
   17        19      0.966604  [ 11.46  41.88  46.66  34.87  39.45  25.68 ]         1.61935      0.853828
   18        20      0.964675  [ 5.26  35.69  59.06  34.15  38.73  27.12 ]         1.32005      0.853828
   19        21      0.962749  [ 12.92  43.35  43.72  41.29  45.87  12.84 ]         1.71916      0.853828
   20        22      0.960828  [ 12.92  43.35  43.72  41.29  45.87  12.84 ]         1.71916      0.853828
   21        23       0.95891  [ 23.60  54.02  22.38  23.69  28.27  48.04 ]         2.08509      0.853828
   22        24      0.956996  [ 27.49  57.92  14.59  17.93  22.51  59.56 ]         2.33139      0.853828
   23        25      0.955086  [ 23.25  53.68  23.07  18.10  22.69  59.21 ]          2.0514      0.853828
   24        26      0.953179  [ 31.85  62.28  5.88  19.90  24.49  55.61 ]          2.5285      0.853828
   25        27      0.951277  [ 8.94  39.37  51.69  42.44  47.02  10.54 ]         1.69596      0.853828
   26        28      0.949378  [ 3.79  34.21  62.00  26.71  31.29  42.01 ]        0.992078      0.853828
   27        29      0.947483  [ 20.80  51.22  27.98  46.63  51.21  2.15 ]         2.15035      0.853828
   28        30      0.945592  [ 29.64  60.07  10.29  42.89  47.47  9.63 ]         2.51917      0.853828
   29        31      0.943705  [ 28.54  58.97  12.48  19.01  23.59  57.40 ]         2.33847      0.853828
   30        32      0.941821  [ 7.45  37.88  54.67  26.97  31.56  41.47 ]         1.27885      0.853828
   31        33      0.939941  [ 13.88  44.31  41.81  3.26  7.84  88.90 ]         1.39955      0.853828
   32        34      0.938065  [ 31.85  62.27  5.88  9.58  14.16  76.27 ]            2.53      0.853828
   33        35      0.936193  [ 31.89  62.32  5.79  46.66  51.24  2.10 ]         2.58903      0.853828
   34        36      0.934324  [ 12.91  43.34  43.75  2.17  6.76  91.07 ]         1.32216      0.853828
   35        37      0.932459  [ 10.25  40.68  49.08  34.57  39.15  26.27 ]         1.56057      0.853828
   36        38      0.930598  [ 23.22  53.65  23.13  25.90  30.49  43.61 ]         2.07001      0.853828
   37        39       0.92874  [ 4.57  34.99  60.44  5.93  10.51  83.56 ]        0.980923      0.853828
   38        40      0.926887  [ 14.60  45.02  40.38  20.24  24.82  54.94 ]         1.61124      0.853828
   39        41      0.925036  [ 14.60  45.02  40.38  20.24  24.82  54.94 ]         1.61124      0.853828
   40        42       0.92319  [ 14.60  45.02  40.38  20.24  24.82  54.94 ]         1.61124      0.853828
   41        43      0.921347  [ 14.60  45.02  40.38  20.24  24.82  54.94 ]         1.61124      0.853828
   42        44      0.919508  [ 14.60  45.02  40.38  20.24  24.82  54.94 ]         1.61124      0.853828
   43        45      0.917673  [ 25.14  55.57  19.28  4.99  9.58  85.43 ]         2.05838      0.853828
   44        46      0.915841  [ 25.14  55.57  19.28  4.99  9.58  85.43 ]         2.05838      0.853828
   45        47      0.914013  [ 1.83  32.25  65.92  0.82  5.40  93.78 ]         1.04075      0.853828
   46        48      0.912189  [ 1.83  32.25  65.92  0.82  5.40  93.78 ]         1.04075      0.853828
   47        49      0.910368  [ 20.05  50.48  29.47  13.02  17.61  69.37 ]         1.78277      0.853828
   48        50      0.908551  [ 20.05  50.48  29.47  13.02  17.61  69.37 ]         1.78277      0.853828
   49        51      0.906738  [ 21.97  52.40  25.63  0.59  5.17  94.24 ]          1.9176      0.853828
   50        52      0.904928  [ 26.71  57.14  16.15  25.21  29.79  45.00 ]         2.30616      0.853828
   51        53      0.903122  [ 30.19  60.62  9.19  13.98  18.56  67.45 ]          2.4197      0.853828
   52        54      0.901319  [ 12.29  42.71  45.00  11.78  16.37  71.85 ]         1.34007      0.853828
   53        55       0.89952  [ 20.08  50.51  29.41  23.77  28.36  47.87 ]         1.88917      0.853828
   54        56      0.897724  [ 19.50  49.93  30.57  4.20  8.78  87.02 ]         1.75118      0.853828
   55        57      0.895933  [ 1.18  31.60  67.22  37.51  42.09  20.40 ]         1.30441      0.853828
   56        58      0.894144  [ 15.15  45.58  39.27  15.00  19.58  65.42 ]         1.58078      0.853828
   57        59       0.89236  [ 2.23  32.66  65.10  4.23  8.81  86.96 ]        0.964977      0.853828
   58        60      0.890578  [ 2.23  32.66  65.10  4.23  8.81  86.96 ]        0.964977      0.853828
   59        61      0.888801  [ 2.23  32.66  65.10  4.23  8.81  86.96 ]        0.964977      0.853828
   60        62      0.887027  [ 2.23  32.66  65.10  4.23  8.81  86.96 ]        0.964977      0.853828
   61        63      0.885256  [ 2.23  32.66  65.10  4.23  8.81  86.96 ]        0.964977      0.853828
   62        64      0.883489  [ 2.23  32.66  65.10  4.23  8.81  86.96 ]        0.964977      0.853828
   63        65      0.881726  [ 19.01  49.43  31.56  4.00  8.59  87.41 ]         1.65563      0.853828
   64        66      0.879966  [ 0.51  30.94  68.55  28.72  33.31  37.97 ]        0.927134      0.853828
   65        67      0.878209  [ 1.19  31.62  67.18  26.07  30.65  43.28 ]        0.927457      0.853828
   66        68      0.876457  [ 8.77  39.19  52.04  34.82  39.40  25.78 ]         1.40382      0.853828
   67        69      0.874707  [ 0.85  31.28  67.87  5.34  9.92  84.74 ]        0.870822      0.853828
   68        70      0.872961  [ 0.85  31.28  67.87  5.34  9.92  84.74 ]        0.870822      0.853828
   69        71      0.871219  [ 0.85  31.28  67.87  5.34  9.92  84.74 ]        0.870822      0.853828
   70        72       0.86948  [ 0.85  31.28  67.87  5.34  9.92  84.74 ]        0.870822      0.853828
   71        73      0.867744  [ 0.85  31.28  67.87  5.34  9.92  84.74 ]        0.870822      0.853828
   72        74      0.866012  [ 0.85  31.28  67.87  5.34  9.92  84.74 ]        0.870822      0.853828
   73        75      0.864284  [ 21.59  52.01  26.40  46.73  51.31  1.96 ]         2.21351      0.853828
   74        76      0.862559  [ 12.68  43.10  44.22  2.52  7.10  90.38 ]         1.37907      0.853828
   75        77      0.860837  [ 12.12  42.55  45.33  34.44  39.03  26.53 ]         1.58549      0.853828
   76        78      0.859119  [ 6.53  36.95  56.52  28.34  32.92  38.74 ]         1.21099      0.853828
   77        79      0.857404  [ 8.02  38.45  53.52  27.77  32.36  39.87 ]         1.28602      0.853828
   78        80      0.855692  [ 10.25  40.67  49.08  34.15  38.73  27.11 ]         1.58672      0.853828
   79        81      0.853985  [ 10.25  40.67  49.08  34.15  38.73  27.11 ]         1.58672      0.853828
   80        82       0.85228  [ 25.05  55.48  19.47  28.07  32.65  39.28 ]         2.20886      0.853828
   81        83      0.850579  [ 1.37  31.80  66.83  22.55  27.13  50.32 ]        0.862593      0.853828
   82        84      0.848881  [ 1.37  31.80  66.83  22.55  27.13  50.32 ]        0.862593      0.853828
   83        85      0.847187  [ 1.37  31.80  66.83  22.55  27.13  50.32 ]        0.862593      0.853828
   84        86      0.845496  [ 9.75  40.17  50.08  3.42  8.01  88.57 ]         1.22728      0.853828
   85        87      0.843808  [ 3.29  33.71  63.00  21.86  26.45  51.69 ]         0.92812      0.853828
   86        88      0.842124  [ 1.77  32.20  66.03  8.96  13.55  77.49 ]        0.820937      0.820937
   87        89      0.840443  [ 3.80  34.23  61.97  19.30  23.88  56.81 ]        0.903656      0.820937
   88        90      0.838765  [ 3.80  34.23  61.97  19.30  23.88  56.81 ]        0.903656      0.820937
   89        91      0.837091  [ 3.80  34.23  61.97  19.30  23.88  56.81 ]        0.903656      0.820937
   90        92       0.83542  [ 28.06  58.49  13.45  29.45  34.03  36.52 ]         2.36408      0.820937
   91        93      0.833753  [ 31.37  61.79  6.84  23.36  27.94  48.70 ]          2.5782      0.820937
   92        94      0.832089  [ 2.65  33.08  64.28  40.08  44.67  15.25 ]         1.46515      0.820937
   93        95      0.830428  [ 0.25  30.68  69.07  2.73  7.31  89.96 ]        0.954396      0.820937
   94        96       0.82877  [ 6.01  36.43  57.56  19.90  24.49  55.61 ]         1.03217      0.820937
   95        97      0.827116  [ 6.01  36.43  57.56  19.90  24.49  55.61 ]         1.03217      0.820937
   96        98      0.825465  [ 6.01  36.43  57.56  19.90  24.49  55.61 ]         1.03217      0.820937
   97        99      0.823817  [ 6.01  36.43  57.56  19.90  24.49  55.61 ]         1.03217      0.820937
   98       100      0.822173  [ 6.01  36.43  57.56  19.90  24.49  55.61 ]         1.03217      0.820937
   99       101      0.820532  [ 6.01  36.43  57.56  19.90  24.49  55.61 ]         1.03217      0.820937
  100       102      0.818894  [ 12.37  42.80  44.82  3.20  7.78  89.02 ]         1.29777      0.820937
  101       103       0.81726  [ 31.24  61.66  7.10  38.47  43.05  18.48 ]          2.5299      0.820937
  102       104      0.815629  [ 15.33  45.75  38.92  37.86  42.45  19.69 ]          1.7945      0.820937
  103       105      0.814001  [ 17.75  48.18  34.08  6.10  10.69  83.21 ]         1.59636      0.820937
  104       106      0.812376  [ 17.75  48.18  34.08  6.10  10.69  83.21 ]         1.59636      0.820937
  105       107      0.810754  [ 17.75  48.18  34.08  6.10  10.69  83.21 ]         1.59636      0.820937
  106       108      0.809136  [ 4.88  35.31  59.82  40.01  44.60  15.39 ]         1.44647      0.820937
  107       109      0.807521  [ 4.88  35.31  59.82  40.01  44.60  15.39 ]         1.44647      0.820937
  108       110      0.805909  [ 4.72  35.15  60.12  6.70  11.28  82.02 ]        0.936514      0.820937
  109       111      0.804301  [ 4.72  35.15  60.12  6.70  11.28  82.02 ]        0.936514      0.820937
  110       112      0.802695  [ 4.72  35.15  60.12  6.70  11.28  82.02 ]        0.936514      0.820937
  111       113      0.801093  [ 8.55  38.98  52.47  37.70  42.29  20.01 ]         1.58257      0.820937
  112       114      0.799494  [ 12.79  43.22  44.00  27.45  32.04  40.51 ]         1.55925      0.820937
  113       115      0.797898  [ 11.56  41.99  46.45  27.05  31.63  41.32 ]         1.44402      0.820937
  114       116      0.796306  [ 5.48  35.91  58.61  1.19  5.78  93.03 ]         1.09185      0.820937
  115       117      0.794716  [ 28.43  58.85  12.72  34.78  39.36  25.86 ]          2.3656      0.820937
  116       118       0.79313  [ 13.91  44.34  41.75  23.42  28.00  48.58 ]         1.51624      0.820937
  117       119      0.791547  [ 6.87  37.30  55.83  20.88  25.47  53.65 ]         1.07231      0.820937
  118       120      0.789967  [ 6.87  37.30  55.83  20.88  25.47  53.65 ]         1.07231      0.820937
  119       121       0.78839  [ 6.87  37.30  55.83  20.88  25.47  53.65 ]         1.07231      0.820937
  120       122      0.786816  [ 8.71  39.14  52.15  38.57  43.16  18.27 ]         1.58091      0.820937
  121       123      0.785246  [ 8.38  38.81  52.81  24.29  28.88  46.83 ]         1.24973      0.820937
  122       124      0.783679  [ 8.38  38.81  52.81  24.29  28.88  46.83 ]         1.24973      0.820937
  123       125      0.782114  [ 8.38  38.81  52.81  24.29  28.88  46.83 ]         1.24973      0.820937
  124       126      0.780553  [ 5.02  35.45  59.53  45.96  50.54  3.50 ]          1.6939      0.820937
  125       127      0.778995  [ 5.02  35.45  59.53  45.96  50.54  3.50 ]          1.6939      0.820937
  126       128       0.77744  [ 6.47  36.90  56.63  0.82  5.40  93.78 ]         1.11428      0.820937
  127       129      0.775889  [ 3.19  33.61  63.20  44.52  49.11  6.37 ]         1.62596      0.820937
  128       130       0.77434  [ 3.19  33.61  63.20  44.52  49.11  6.37 ]         1.62596      0.820937
  129       131      0.772794  [ 29.63  60.06  10.31  10.84  15.43  73.73 ]         2.39348      0.820937
  130       132      0.771252  [ 13.29  43.72  42.99  13.38  17.97  68.65 ]         1.47014      0.820937
  131       133      0.769712  [ 13.92  44.35  41.73  41.99  46.57  11.45 ]         1.81997      0.820937
  132       134      0.768176  [ 13.92  44.35  41.73  41.99  46.57  11.45 ]         1.81997      0.820937
  133       135      0.766643  [ 7.85  38.27  53.88  32.06  36.65  31.29 ]         1.38585      0.820937
  134       136      0.765113  [ 7.85  38.27  53.88  32.06  36.65  31.29 ]         1.38585      0.820937
  135       137      0.763585  [ 7.85  38.27  53.88  32.06  36.65  31.29 ]         1.38585      0.820937
  136       138      0.762061  [ 10.66  41.09  48.26  17.56  22.14  60.31 ]         1.33238      0.820937
  137       139       0.76054  [ 20.97  51.40  27.63  26.90  31.49  41.61 ]         1.96599      0.820937
  138       140      0.759022  [ 22.10  52.53  25.37  42.61  47.19  10.20 ]         2.17341      0.820937
  139       141      0.757507  [ 22.10  52.53  25.37  42.61  47.19  10.20 ]         2.17341      0.820937
  140       142      0.755995  [ 30.74  61.17  8.09  35.88  40.46  23.66 ]         2.52543      0.820937
  141       143      0.754486  [ 1.06  31.48  67.46  21.10  25.68  53.22 ]        0.846302      0.820937
  142       144       0.75298  [ 4.72  35.15  60.14  24.18  28.77  47.05 ]         1.06389      0.820937
  143       145      0.751477  [ 4.72  35.15  60.14  24.18  28.77  47.05 ]         1.06389      0.820937
  144       146      0.749977  [ 33.15  63.58  3.27  33.95  38.53  27.52 ]         2.63247      0.820937
  145       147       0.74848  [ 13.20  43.63  43.17  5.86  10.45  83.69 ]         1.41358      0.820937
  146       148      0.746986  [ 13.20  43.63  43.17  5.86  10.45  83.69 ]         1.41358      0.820937
  147       149      0.745495  [ 2.12  32.55  65.33  38.70  43.28  18.02 ]         1.35432      0.820937
  148       150      0.744007  [ 20.56  50.98  28.46  21.39  25.97  52.64 ]         1.87823      0.820937
  149       151      0.742522  [ 9.82  40.24  49.94  38.47  43.05  18.49 ]         1.59825      0.820937
  150       152       0.74104  [ 9.82  40.24  49.94  38.47  43.05  18.49 ]         1.59825      0.820937
  151       153      0.739561  [ 12.11  42.53  45.36  16.69  21.27  62.05 ]         1.34353      0.820937
  152       154      0.738085  [ 3.11  33.54  63.35  38.61  43.20  18.19 ]         1.36562      0.820937
  153       155      0.736612  [ 3.11  33.54  63.35  38.61  43.20  18.19 ]         1.36562      0.820937
  154       156      0.735141  [ 23.03  53.46  23.51  0.65  5.23  94.12 ]         1.94945      0.820937
  155       157      0.733674  [ 9.83  40.26  49.91  40.76  45.34  13.90 ]         1.66399      0.820937
  156       158       0.73221  [ 12.35  42.78  44.87  43.68  48.27  8.05 ]         1.87237      0.820937
  157       159      0.730748  [ 12.35  42.78  44.87  43.68  48.27  8.05 ]         1.87237      0.820937
  158       160       0.72929  [ 27.70  58.13  14.17  13.84  18.42  67.73 ]         2.34082      0.820937
  159       161      0.727834  [ 28.79  59.22  11.98  5.18  9.76  85.06 ]          2.3626      0.820937
  160       162      0.726381  [ 29.85  60.28  9.87  30.76  35.35  33.89 ]         2.46411      0.820937
  161       163      0.724931  [ 11.47  41.89  46.64  20.42  25.00  54.58 ]         1.35764      0.820937
  162       164      0.723484  [ 16.19  46.61  37.20  14.57  19.16  66.27 ]         1.66636      0.820937
  163       165       0.72204  [ 1.65  32.07  66.28  20.96  25.54  53.51 ]        0.769378      0.769378
  164       166      0.720599  [ 1.65  32.07  66.28  20.96  25.54  53.51 ]        0.769378      0.769378
  165       167      0.719161  [ 1.65  32.07  66.28  20.96  25.54  53.51 ]        0.769378      0.769378
  166       168      0.717725  [ 29.79  60.21  10.00  18.93  23.51  57.56 ]         2.38783      0.769378
  167       169      0.716293  [ 10.25  40.68  49.07  4.39  8.97  86.64 ]         1.22308      0.769378
  168       170      0.714863  [ 1.37  31.79  66.84  32.84  37.42  29.74 ]         1.12609      0.769378
  169       171      0.713436  [ 1.37  31.79  66.84  32.84  37.42  29.74 ]         1.12609      0.769378
  170       172      0.712012  [ 1.37  31.79  66.84  32.84  37.42  29.74 ]         1.12609      0.769378
  171       173      0.710591  [ 23.78  54.21  22.01  2.00  6.58  91.42 ]         2.00936      0.769378
  172       174      0.709173  [ 17.13  47.56  35.32  7.44  12.02  80.54 ]         1.63539      0.769378
  173       175      0.707757  [ 6.04  36.47  57.49  44.24  48.82  6.94 ]         1.64204      0.769378
  174       176      0.706344  [ 20.33  50.76  28.91  2.12  6.71  91.17 ]         1.87285      0.769378
  175       177      0.704934  [ 20.33  50.76  28.91  2.12  6.71  91.17 ]         1.87285      0.769378
  176       178      0.703527  [ 20.33  50.76  28.91  2.12  6.71  91.17 ]         1.87285      0.769378
  177       179      0.702123  [ 16.63  47.06  36.31  9.43  14.02  76.55 ]         1.66013      0.769378
  178       180      0.700722  [ 1.62  32.05  66.32  4.20  8.78  87.02 ]        0.940332      0.769378
  179       181      0.699323  [ 1.62  32.05  66.32  4.20  8.78  87.02 ]        0.940332      0.769378
  180       182      0.697927  [ 14.72  45.14  40.14  2.98  7.56  89.46 ]         1.49954      0.769378
  181       183      0.696534  [ 14.72  45.14  40.14  2.98  7.56  89.46 ]         1.49954      0.769378
  182       184      0.695144  [ 14.72  45.14  40.14  2.98  7.56  89.46 ]         1.49954      0.769378
  183       185      0.693756  [ 14.72  45.14  40.14  2.98  7.56  89.46 ]         1.49954      0.769378
  184       186      0.692372  [ 26.68  57.11  16.21  12.58  17.16  70.27 ]          2.1569      0.769378
  185       187       0.69099  [ 0.93  31.36  67.71  33.29  37.87  28.84 ]         1.12453      0.769378
  186       188       0.68961  [ 0.93  31.36  67.71  33.29  37.87  28.84 ]         1.12453      0.769378
  187       189      0.688234  [ 1.83  32.26  65.91  11.89  16.48  71.63 ]        0.774868      0.769378
  188       190       0.68686  [ 5.02  35.45  59.52  10.83  15.42  73.75 ]        0.998445      0.769378
  189       191      0.685489  [ 20.94  51.36  27.70  23.93  28.52  47.55 ]         1.97883      0.769378
  190       192      0.684121  [ 10.06  40.48  49.46  9.62  14.20  76.18 ]         1.17895      0.769378
  191       193      0.682755  [ 10.06  40.48  49.46  9.62  14.20  76.18 ]         1.17895      0.769378
  192       194      0.681393  [ 10.06  40.48  49.46  9.62  14.20  76.18 ]         1.17895      0.769378
  193       195      0.680033  [ 10.06  40.48  49.46  9.62  14.20  76.18 ]         1.17895      0.769378
  194       196      0.678675  [ 7.54  37.96  54.50  9.52  14.10  76.38 ]         1.02576      0.769378
  195       197      0.677321  [ 6.88  37.31  55.80  44.39  48.98  6.63 ]         1.66505      0.769378
  196       198      0.675969  [ 30.23  60.66  9.11  7.78  12.36  79.86 ]         2.44243      0.769378
  197       199      0.674619  [ 23.80  54.23  21.97  18.62  23.20  58.18 ]         1.99629      0.769378
  198       200      0.673273  [ 21.46  51.89  26.66  45.10  49.68  5.22 ]         2.16358      0.769378
  199       201      0.671929  [ 16.72  47.15  36.13  34.90  39.48  25.62 ]         1.86611      0.769378
  200       202      0.670588  [ 25.12  55.55  19.32  17.37  21.95  60.67 ]         2.11604      0.769378
  201       203      0.669249  [ 19.69  50.11  30.20  14.60  19.18  66.22 ]         1.86222      0.769378
  202       204      0.667914  [ 21.89  52.32  25.79  31.67  36.25  32.08 ]         2.07901      0.769378
  203       205       0.66658  [ 16.75  47.18  36.06  16.97  21.56  61.47 ]          1.6484      0.769378
  204       206       0.66525  [ 31.65  62.07  6.28  30.94  35.52  33.55 ]         2.57919      0.769378
  205       207      0.663922  [ 15.24  45.67  39.09  11.46  16.04  72.50 ]         1.47453      0.769378
  206       208      0.662597  [ 3.33  33.76  62.91  24.26  28.85  46.89 ]        0.958797      0.769378
  207       209      0.661274  [ 3.33  33.76  62.91  24.26  28.85  46.89 ]        0.958797      0.769378
  208       210      0.659954  [ 3.33  33.76  62.91  24.26  28.85  46.89 ]        0.958797      0.769378
  209       211      0.658637  [ 3.33  33.76  62.91  24.26  28.85  46.89 ]        0.958797      0.769378
  210       212      0.657322  [ 3.33  33.76  62.91  24.26  28.85  46.89 ]        0.958797      0.769378
  211       213       0.65601  [ 3.33  33.76  62.91  24.26  28.85  46.89 ]        0.958797      0.769378
  212       214      0.654701  [ 3.33  33.76  62.91  24.26  28.85  46.89 ]        0.958797      0.769378
  213       215      0.653394  [ 4.45  34.87  60.68  16.53  21.12  62.35 ]        0.917928      0.769378
  214       216       0.65209  [ 4.45  34.87  60.68  16.53  21.12  62.35 ]        0.917928      0.769378
  215       217      0.650789  [ 4.45  34.87  60.68  16.53  21.12  62.35 ]        0.917928      0.769378
  216       218       0.64949  [ 4.45  34.87  60.68  16.53  21.12  62.35 ]        0.917928      0.769378
  217       219      0.648193  [ 19.46  49.89  30.65  29.89  34.48  35.63 ]         1.80494      0.769378
  218       220      0.646899  [ 18.89  49.32  31.79  18.05  22.63  59.32 ]         1.75464      0.769378
  219       221      0.645608  [ 18.89  49.32  31.79  18.05  22.63  59.32 ]         1.75464      0.769378
  220       222      0.644319  [ 18.89  49.32  31.79  18.05  22.63  59.32 ]         1.75464      0.769378
  221       223      0.643033  [ 17.65  48.07  34.28  21.51  26.09  52.40 ]         1.71105      0.769378
  222       224       0.64175  [ 15.02  45.45  39.53  1.41  5.99  92.60 ]         1.47878      0.769378
  223       225      0.640469  [ 15.02  45.45  39.53  1.41  5.99  92.60 ]         1.47878      0.769378
  224       226      0.639191  [ 15.02  45.45  39.53  1.41  5.99  92.60 ]         1.47878      0.769378
  225       227      0.637915  [ 14.15  44.58  41.27  13.91  18.49  67.60 ]         1.42963      0.769378
  226       228      0.636641  [ 14.15  44.58  41.27  13.91  18.49  67.60 ]         1.42963      0.769378
  227       229      0.635371  [ 14.15  44.58  41.27  13.91  18.49  67.60 ]         1.42963      0.769378
  228       230      0.634103  [ 13.06  43.49  43.45  16.28  20.87  62.85 ]         1.39532      0.769378
  229       231      0.632837  [ 8.61  39.04  52.35  15.82  20.40  63.78 ]         1.14456      0.769378
  230       232      0.631574  [ 8.61  39.04  52.35  15.82  20.40  63.78 ]         1.14456      0.769378
  231       233      0.630313  [ 8.61  39.04  52.35  15.82  20.40  63.78 ]         1.14456      0.769378
  232       234      0.629055  [ 5.95  36.38  57.67  5.91  10.49  83.60 ]         1.02482      0.769378
  233       235      0.627799  [ 16.38  46.80  36.82  25.80  30.39  43.81 ]         1.67391      0.769378
  234       236      0.626546  [ 33.25  63.68  3.07  46.05  50.63  3.33 ]         2.66672      0.769378
  235       237      0.625296  [ 2.68  33.10  64.22  13.20  17.78  69.02 ]        0.851913      0.769378
  236       238      0.624048  [ 1.77  32.20  66.02  21.43  26.01  52.56 ]        0.795384      0.769378
  237       239      0.622802  [ 1.77  32.20  66.02  21.43  26.01  52.56 ]        0.795384      0.769378
  238       240      0.621559  [ 13.16  43.58  43.26  19.01  23.60  57.39 ]         1.51316      0.769378
  239       241      0.620318  [ 9.76  40.19  50.05  21.63  26.22  52.15 ]         1.30492      0.769378
  240       242       0.61908  [ 11.23  41.66  47.11  28.05  32.64  39.31 ]         1.52838      0.769378
  241       243      0.617844  [ 11.23  41.66  47.11  28.05  32.64  39.31 ]         1.52838      0.769378
  242       244      0.616611  [ 3.91  34.34  61.75  8.68  13.26  78.06 ]        0.914555      0.769378
  243       245       0.61538  [ 3.91  34.34  61.75  8.68  13.26  78.06 ]        0.914555      0.769378
  244       246      0.614152  [ 3.91  34.34  61.75  8.68  13.26  78.06 ]        0.914555      0.769378
  245       247      0.612926  [ 3.91  34.34  61.75  8.68  13.26  78.06 ]        0.914555      0.769378
  246       248      0.611703  [ 3.91  34.34  61.75  8.68  13.26  78.06 ]        0.914555      0.769378
  247       249      0.610482  [ 0.55  30.98  68.47  7.97  12.56  79.47 ]        0.852103      0.769378
  248       250      0.609263  [ 11.97  42.40  45.63  5.11  9.69  85.20 ]          1.3564      0.769378
  249       251      0.608047  [ 4.59  35.01  60.40  29.78  34.36  35.86 ]         1.20856      0.769378
  250       252      0.606834  [ 4.59  35.01  60.40  29.78  34.36  35.86 ]         1.20856      0.769378
  251       253      0.605622  [ 4.44  34.86  60.70  20.38  24.96  54.67 ]        0.934806      0.769378
  252       254      0.604414  [ 4.71  35.13  60.16  19.51  24.10  56.39 ]        0.986833      0.769378
  253       255      0.603207  [ 4.71  35.13  60.16  19.51  24.10  56.39 ]        0.986833      0.769378
  254       256      0.602003  [ 4.71  35.13  60.16  19.51  24.10  56.39 ]        0.986833      0.769378
  255       257      0.600802  [ 4.71  35.13  60.16  19.51  24.10  56.39 ]        0.986833      0.769378
  256       258      0.599602  [ 4.71  35.13  60.16  19.51  24.10  56.39 ]        0.986833      0.769378
  257       259      0.598405  [ 4.71  35.13  60.16  19.51  24.10  56.39 ]        0.986833      0.769378
  258       260      0.597211  [ 4.71  35.13  60.16  19.51  24.10  56.39 ]        0.986833      0.769378
  259       261      0.596019  [ 4.71  35.13  60.16  19.51  24.10  56.39 ]        0.986833      0.769378
  260       262      0.594829  [ 4.71  35.13  60.16  19.51  24.10  56.39 ]        0.986833      0.769378
  261       263      0.593642  [ 4.71  35.13  60.16  19.51  24.10  56.39 ]        0.986833      0.769378
  262       264      0.592457  [ 4.71  35.13  60.16  19.51  24.10  56.39 ]        0.986833      0.769378
  263       265      0.591275  [ 4.71  35.13  60.16  19.51  24.10  56.39 ]        0.986833      0.769378
  264       266      0.590094  [ 24.22  54.65  21.13  40.36  44.94  14.70 ]         2.20307      0.769378
  265       267      0.588917  [ 0.66  31.09  68.25  18.27  22.85  58.88 ]        0.822099      0.769378
  266       268      0.587741  [ 0.66  31.09  68.25  18.27  22.85  58.88 ]        0.822099      0.769378
  267       269      0.586568  [ 0.66  31.09  68.25  18.27  22.85  58.88 ]        0.822099      0.769378
  268       270      0.585397  [ 0.66  31.09  68.25  18.27  22.85  58.88 ]        0.822099      0.769378
  269       271      0.584229  [ 0.66  31.09  68.25  18.27  22.85  58.88 ]        0.822099      0.769378
  270       272      0.583063  [ 0.66  31.09  68.25  18.27  22.85  58.88 ]        0.822099      0.769378
  271       273      0.581899  [ 0.66  31.09  68.25  18.27  22.85  58.88 ]        0.822099      0.769378
  272       274      0.580737  [ 8.55  38.98  52.47  7.16  11.74  81.10 ]         1.19134      0.769378
  273       275      0.579578  [ 3.87  34.30  61.83  31.28  35.87  32.85 ]         1.19354      0.769378
  274       276      0.578421  [ 9.42  39.84  50.74  45.93  50.52  3.55 ]         1.77259      0.769378
  275       277      0.577267  [ 9.42  39.84  50.74  45.93  50.52  3.55 ]         1.77259      0.769378
  276       278      0.576115  [ 26.47  56.90  16.63  26.83  31.41  41.77 ]         2.22179      0.769378
  277       279      0.574965  [ 24.96  55.39  19.65  4.99  9.57  85.44 ]         2.06347      0.769378
  278       280      0.573817  [ 30.93  61.35  7.72  32.29  36.87  30.84 ]         2.51437      0.769378
  279       281      0.572672  [ 2.07  32.50  65.43  28.87  33.45  37.68 ]         1.00891      0.769378
  280       282      0.571529  [ 3.14  33.56  63.30  30.36  34.94  34.70 ]         1.05952      0.769378
  281       283      0.570388  [ 3.14  33.56  63.30  30.36  34.94  34.70 ]         1.05952      0.769378
  282       284      0.569249  [ 3.14  33.56  63.30  30.36  34.94  34.70 ]         1.05952      0.769378
  283       285      0.568113  [ 5.33  35.75  58.92  1.56  6.14  92.30 ]         1.05174      0.769378
  284       286      0.566979  [ 5.33  35.75  58.92  1.56  6.14  92.30 ]         1.05174      0.769378
  285       287      0.565847  [ 5.33  35.75  58.92  1.56  6.14  92.30 ]         1.05174      0.769378
  286       288      0.564718  [ 5.33  35.75  58.92  1.56  6.14  92.30 ]         1.05174      0.769378
  287       289      0.563591  [ 6.19  36.61  57.20  4.19  8.78  87.03 ]         1.02163      0.769378
  288       290      0.562466  [ 6.19  36.61  57.20  4.19  8.78  87.03 ]         1.02163      0.769378
  289       291      0.561343  [ 6.19  36.61  57.20  4.19  8.78  87.03 ]         1.02163      0.769378
  290       292      0.560223  [ 6.19  36.61  57.20  4.19  8.78  87.03 ]         1.02163      0.769378
  291       293      0.559105  [ 6.19  36.61  57.20  4.19  8.78  87.03 ]         1.02163      0.769378
  292       294      0.557989  [ 6.19  36.61  57.20  4.19  8.78  87.03 ]         1.02163      0.769378
  293       295      0.556875  [ 6.19  36.61  57.20  4.19  8.78  87.03 ]         1.02163      0.769378
  294       296      0.555763  [ 6.19  36.61  57.20  4.19  8.78  87.03 ]         1.02163      0.769378
  295       297      0.554654  [ 6.19  36.61  57.20  4.19  8.78  87.03 ]         1.02163      0.769378
  296       298      0.553547  [ 6.19  36.61  57.20  4.19  8.78  87.03 ]         1.02163      0.769378
  297       299      0.552442  [ 17.69  48.12  34.18  31.84  36.42  31.74 ]         1.80993      0.769378
  298       300      0.551339  [ 17.69  48.12  34.18  31.84  36.42  31.74 ]         1.80993      0.769378
  299       301      0.550239  [ 17.69  48.12  34.18  31.84  36.42  31.74 ]         1.80993      0.769378
  300       302      0.549141  [ 17.53  47.96  34.51  24.49  29.07  46.44 ]         1.76339      0.769378
  301       303      0.548044  [ 20.46  50.89  28.65  4.41  9.00  86.59 ]         1.75395      0.769378
  302       304      0.546951  [ 20.46  50.89  28.65  4.41  9.00  86.59 ]         1.75395      0.769378
  303       305      0.545859  [ 15.82  46.25  37.93  33.64  38.23  28.13 ]         1.79099      0.769378
  304       306      0.544769  [ 15.82  46.25  37.93  33.64  38.23  28.13 ]         1.79099      0.769378
  305       307      0.543682  [ 24.58  55.01  20.41  5.62  10.20  84.18 ]         2.05169      0.769378
  306       308      0.542597  [ 26.46  56.89  16.65  19.30  23.88  56.82 ]         2.28925      0.769378
  307       309      0.541514  [ 7.73  38.15  54.12  21.26  25.85  52.89 ]         1.17141      0.769378
  308       310      0.540433  [ 11.19  41.62  47.19  22.18  26.77  51.05 ]         1.47061      0.769378
  309       311      0.539354  [ 11.19  41.62  47.19  22.18  26.77  51.05 ]         1.47061      0.769378
  310       312      0.538278  [ 8.90  39.33  51.77  6.76  11.34  81.90 ]         1.15754      0.769378
  311       313      0.537203  [ 8.90  39.33  51.77  6.76  11.34  81.90 ]         1.15754      0.769378
  312       314      0.536131  [ 8.90  39.33  51.77  6.76  11.34  81.90 ]         1.15754      0.769378
  313       315      0.535061  [ 12.53  42.96  44.52  15.08  19.67  65.25 ]         1.33669      0.769378
  314       316      0.533993  [ 12.53  42.96  44.52  15.08  19.67  65.25 ]         1.33669      0.769378
  315       317      0.532927  [ 2.22  32.65  65.13  4.39  8.98  86.63 ]        0.967589      0.769378
  316       318      0.531863  [ 20.20  50.62  29.18  17.90  22.48  59.61 ]         1.85165      0.769378
  317       319      0.530802  [ 10.83  41.26  47.92  34.76  39.35  25.89 ]         1.50198      0.769378
  318       320      0.529742  [ 10.83  41.26  47.92  34.76  39.35  25.89 ]         1.50198      0.769378
  319       321      0.528685  [ 10.83  41.26  47.92  34.76  39.35  25.89 ]         1.50198      0.769378
  320       322       0.52763  [ 10.83  41.26  47.92  34.76  39.35  25.89 ]         1.50198      0.769378
  321       323      0.526576  [ 14.40  44.83  40.77  0.41  4.99  94.60 ]         1.42847      0.769378
  322       324      0.525525  [ 12.04  42.47  45.48  8.31  12.89  78.80 ]         1.33703      0.769378
  323       325      0.524476  [ 11.46  41.89  46.66  11.10  15.68  73.22 ]         1.33199      0.769378
  324       326       0.52343  [ 11.46  41.89  46.66  11.10  15.68  73.22 ]         1.33199      0.769378
  325       327      0.522385  [ 18.69  49.12  32.19  36.78  41.36  21.86 ]         1.93474      0.769378
  326       328      0.521342  [ 18.69  49.12  32.19  36.78  41.36  21.86 ]         1.93474      0.769378
  327       329      0.520301  [ 30.10  60.53  9.38  0.73  5.32  93.95 ]         2.40591      0.769378
  328       330      0.519263  [ 9.08  39.51  51.42  35.14  39.72  25.13 ]         1.49362      0.769378
  329       331      0.518226  [ 13.40  43.82  42.78  14.94  19.52  65.54 ]         1.45951      0.769378
  330       332      0.517192  [ 4.22  34.65  61.13  21.77  26.35  51.88 ]           1.058      0.769378
  331       333       0.51616  [ 7.81  38.24  53.95  20.65  25.23  54.11 ]         1.20042      0.769378
  332       334       0.51513  [ 5.75  36.18  58.08  28.34  32.92  38.74 ]         1.18534      0.769378
  333       335      0.514101  [ 5.75  36.18  58.08  28.34  32.92  38.74 ]         1.18534      0.769378
  334       336      0.513075  [ 17.12  47.55  35.33  22.65  27.23  50.13 ]         1.66315      0.769378
  335       337      0.512051  [ 13.85  44.28  41.86  10.34  14.92  74.74 ]         1.50106      0.769378
  336       338      0.511029  [ 13.85  44.28  41.86  10.34  14.92  74.74 ]         1.50106      0.769378
  337       339      0.510009  [ 13.85  44.28  41.86  10.34  14.92  74.74 ]         1.50106      0.769378
  338       340      0.508991  [ 15.54  45.97  38.48  11.65  16.24  72.11 ]         1.49546      0.769378
  339       341      0.507975  [ 15.54  45.97  38.48  11.65  16.24  72.11 ]         1.49546      0.769378
  340       342      0.506961  [ 3.60  34.02  62.38  4.01  8.59  87.40 ]         1.02042      0.769378
  341       343      0.505949  [ 3.60  34.02  62.38  4.01  8.59  87.40 ]         1.02042      0.769378
  342       344      0.504939  [ 3.60  34.02  62.38  4.01  8.59  87.40 ]         1.02042      0.769378
  343       345      0.503932  [ 3.60  34.02  62.38  4.01  8.59  87.40 ]         1.02042      0.769378
  344       346      0.502926  [ 3.60  34.02  62.38  4.01  8.59  87.40 ]         1.02042      0.769378
  345       347      0.501922  [ 3.60  34.02  62.38  4.01  8.59  87.40 ]         1.02042      0.769378
  346       348       0.50092  [ 3.60  34.02  62.38  4.01  8.59  87.40 ]         1.02042      0.769378
