******************Parametres initiaux***********************
Points do we try before stepping :N_TRIES=1
Iterations for each T :ITERS_FIXED_T=1
Step size in random walk :STEP_SIZE=200.000000
Boltzmann constant :K=1.000000
Initial temperature :T_INITIAL=1.000000
Damping factor for temperature MU_T=1.002000
Minimal Temperature T_MIN=5.000000e-01
Initial state :5.37	28.80	45.57	14.76	
*************************************************************
#-iter  #-evals   temperature     position   energy
    0         2             1  [ 11.42  34.84  53.74  52.04  21.23  26.73 ]         1.19223      0.854747
    1         3      0.998004  [ 17.97  41.40  40.63  46.94  16.13  36.93 ]         1.40266      0.854747
    2         4      0.996012  [ 20.79  44.21  35.00  44.17  13.37  42.45 ]         1.47591      0.854747
    3         5      0.994024  [ 20.79  44.21  35.00  44.17  13.37  42.45 ]         1.47591      0.854747
    4         6       0.99204  [ 19.61  43.04  37.35  43.51  12.70  43.79 ]         1.41849      0.854747
    5         7       0.99006  [ 7.82  31.25  60.93  41.96  11.16  46.88 ]        0.711514      0.711514
    6         8      0.988084  [ 6.44  29.87  63.69  48.62  17.82  33.56 ]        0.914706      0.711514
    7         9      0.986111  [ 14.91  38.34  46.75  38.55  7.74  53.71 ]         1.04299      0.711514
    8        10      0.984143  [ 14.91  38.34  46.75  38.55  7.74  53.71 ]         1.04299      0.711514
    9        11      0.982179  [ 11.17  34.59  54.24  49.42  18.62  31.96 ]         1.08405      0.711514
   10        12      0.980218  [ 11.17  34.59  54.24  49.42  18.62  31.96 ]         1.08405      0.711514
   11        13      0.978262  [ 9.14  32.56  58.30  40.00  9.19  50.81 ]        0.703332      0.703332
   12        14      0.976309  [ 9.14  32.56  58.30  40.00  9.19  50.81 ]        0.703332      0.703332
   13        15       0.97436  [ 10.75  34.18  55.07  58.67  27.87  13.46 ]         1.46918      0.703332
   14        16      0.972416  [ 10.75  34.18  55.07  58.67  27.87  13.46 ]         1.46918      0.703332
   15        17      0.970475  [ 6.92  30.35  62.73  51.38  20.58  28.03 ]         1.06213      0.703332
   16        18      0.968538  [ 6.92  30.35  62.73  51.38  20.58  28.03 ]         1.06213      0.703332
   17        19      0.966604  [ 6.92  30.35  62.73  51.38  20.58  28.03 ]         1.06213      0.703332
   18        20      0.964675  [ 32.78  56.20  11.02  58.11  27.31  14.58 ]          2.4057      0.703332
   19        21      0.962749  [ 22.85  46.27  30.88  61.66  30.86  7.48 ]         1.88141      0.703332
   20        22      0.960828  [ 22.85  46.27  30.88  61.66  30.86  7.48 ]         1.88141      0.703332
   21        23       0.95891  [ 29.96  53.38  16.67  48.39  17.59  34.02 ]         2.11986      0.703332
   22        24      0.956996  [ 16.03  39.45  44.52  45.37  14.56  40.07 ]         1.32263      0.703332
   23        25      0.955086  [ 17.09  40.52  42.39  48.60  17.79  33.61 ]          1.3879      0.703332
   24        26      0.953179  [ 17.09  40.52  42.39  48.60  17.79  33.61 ]          1.3879      0.703332
   25        27      0.951277  [ 8.48  31.90  59.62  50.31  19.50  30.19 ]         1.08915      0.703332
   26        28      0.949378  [ 8.48  31.90  59.62  50.31  19.50  30.19 ]         1.08915      0.703332
   27        29      0.947483  [ 8.48  31.90  59.62  50.31  19.50  30.19 ]         1.08915      0.703332
   28        30      0.945592  [ 29.30  52.72  17.99  44.47  13.67  41.85 ]         2.10092      0.703332
   29        31      0.943705  [ 17.61  41.03  41.36  39.87  9.06  51.07 ]         1.23283      0.703332
   30        32      0.941821  [ 20.12  43.54  36.34  46.88  16.08  37.04 ]         1.55061      0.703332
   31        33      0.939941  [ 20.58  44.00  35.42  46.02  15.22  38.76 ]         1.52714      0.703332
   32        34      0.938065  [ 20.27  43.69  36.04  31.02  0.22  68.76 ]         1.33943      0.703332
   33        35      0.936193  [ 23.26  46.68  30.07  36.74  5.94  57.32 ]         1.62189      0.703332
   34        36      0.934324  [ 32.49  55.91  11.60  38.91  8.10  52.99 ]         2.29913      0.703332
   35        37      0.932459  [ 23.91  47.33  28.76  51.02  20.21  28.77 ]         1.77521      0.703332
   36        38      0.930598  [ 32.08  55.50  12.42  56.11  25.31  18.58 ]         2.33534      0.703332
   37        39       0.92874  [ 18.89  42.31  38.81  60.09  29.29  10.62 ]         1.67904      0.703332
   38        40      0.926887  [ 18.89  42.31  38.81  60.09  29.29  10.62 ]         1.67904      0.703332
   39        41      0.925036  [ 7.46  30.88  61.66  61.66  30.85  7.49 ]         1.58925      0.703332
   40        42       0.92319  [ 2.74  26.17  71.09  50.80  19.99  29.21 ]         1.08735      0.703332
   41        43      0.921347  [ 7.15  30.58  62.27  44.19  13.39  42.42 ]        0.840852      0.703332
   42        44      0.919508  [ 6.74  30.17  63.09  45.99  15.19  38.82 ]        0.878771      0.703332
   43        45      0.917673  [ 16.87  40.29  42.84  32.77  1.96  65.27 ]         1.13113      0.703332
   44        46      0.915841  [ 0.80  24.22  74.98  37.53  6.73  55.74 ]        0.390089      0.390089
   45        47      0.914013  [ 1.30  24.72  73.98  52.18  21.38  26.44 ]          1.2127      0.390089
   46        48      0.912189  [ 1.30  24.72  73.98  52.18  21.38  26.44 ]          1.2127      0.390089
   47        49      0.910368  [ 24.49  47.91  27.60  43.32  12.51  44.17 ]         1.74127      0.390089
   48        50      0.908551  [ 24.49  47.91  27.60  43.32  12.51  44.17 ]         1.74127      0.390089
   49        51      0.906738  [ 24.49  47.91  27.60  43.32  12.51  44.17 ]         1.74127      0.390089
   50        52      0.904928  [ 26.09  49.51  24.39  35.79  4.98  59.23 ]         1.78846      0.390089
   51        53      0.903122  [ 24.69  48.11  27.20  40.90  10.10  48.99 ]         1.74675      0.390089
   52        54      0.901319  [ 24.69  48.11  27.20  40.90  10.10  48.99 ]         1.74675      0.390089
   53        55       0.89952  [ 25.71  49.13  25.17  51.27  20.47  28.25 ]         1.90788      0.390089
   54        56      0.897724  [ 26.98  50.40  22.62  32.31  1.51  66.18 ]         1.82797      0.390089
   55        57      0.895933  [ 5.68  29.11  65.21  56.21  25.41  18.38 ]         1.34586      0.390089
   56        58      0.894144  [ 34.51  57.93  7.56  60.82  30.02  9.16 ]         2.43381      0.390089
   57        59       0.89236  [ 17.08  40.51  42.41  59.21  28.41  12.38 ]         1.58913      0.390089
   58        60      0.890578  [ 2.38  25.81  71.81  58.57  27.77  13.66 ]         1.45258      0.390089
   59        61      0.888801  [ 22.46  45.88  31.66  36.37  5.56  58.07 ]         1.53133      0.390089
   60        62      0.887027  [ 15.01  38.44  46.55  38.58  7.78  53.64 ]           1.012      0.390089
   61        63      0.885256  [ 27.20  50.62  22.17  35.18  4.37  60.45 ]         1.92054      0.390089
   62        64      0.883489  [ 3.17  26.59  70.24  42.32  11.51  46.17 ]        0.694226      0.390089
   63        65      0.881726  [ 1.82  25.24  72.94  55.21  24.41  20.38 ]         1.41876      0.390089
   64        66      0.879966  [ 9.56  32.98  57.46  61.29  30.48  8.23 ]         1.52527      0.390089
   65        67      0.878209  [ 15.46  38.88  45.66  35.03  4.23  60.74 ]        0.980921      0.390089
   66        68      0.876457  [ 25.39  48.81  25.80  41.60  10.80  47.60 ]         1.81911      0.390089
   67        69      0.874707  [ 21.98  45.41  32.61  41.46  10.66  47.88 ]         1.57987      0.390089
   68        70      0.872961  [ 11.74  35.16  53.10  47.99  17.19  34.82 ]         1.15325      0.390089
   69        71      0.871219  [ 23.99  47.41  28.60  63.72  32.91  3.37 ]         1.92657      0.390089
   70        72       0.86948  [ 17.54  40.97  41.49  44.21  13.40  42.39 ]         1.22972      0.390089
   71        73      0.867744  [ 15.94  39.37  44.69  53.07  22.27  24.67 ]         1.41578      0.390089
   72        74      0.866012  [ 15.94  39.37  44.69  53.07  22.27  24.67 ]         1.41578      0.390089
   73        75      0.864284  [ 15.94  39.37  44.69  53.07  22.27  24.67 ]         1.41578      0.390089
   74        76      0.862559  [ 28.77  52.19  19.05  38.93  8.12  52.95 ]         2.04661      0.390089
   75        77      0.860837  [ 11.58  35.00  53.42  54.59  23.78  21.63 ]         1.30471      0.390089
   76        78      0.859119  [ 12.51  35.93  51.56  33.84  3.03  63.13 ]        0.730709      0.390089
   77        79      0.857404  [ 12.51  35.93  51.56  33.84  3.03  63.13 ]        0.730709      0.390089
   78        80      0.855692  [ 12.51  35.93  51.56  33.84  3.03  63.13 ]        0.730709      0.390089
   79        81      0.853985  [ 21.62  45.04  33.34  39.07  8.27  52.67 ]         1.52708      0.390089
   80        82       0.85228  [ 37.60  61.02  1.38  55.73  24.92  19.35 ]         2.67803      0.390089
   81        83      0.850579  [ 32.43  55.86  11.71  63.96  33.16  2.88 ]         2.37899      0.390089
   82        84      0.848881  [ 6.48  29.90  63.62  40.95  10.15  48.89 ]        0.693428      0.390089
   83        85      0.847187  [ 6.48  29.90  63.62  40.95  10.15  48.89 ]        0.693428      0.390089
   84        86      0.845496  [ 24.55  47.97  27.49  47.05  16.25  36.70 ]         1.82776      0.390089
   85        87      0.843808  [ 12.33  35.75  51.93  55.35  24.55  20.10 ]         1.36429      0.390089
   86        88      0.842124  [ 7.42  30.84  61.74  37.23  6.43  56.33 ]        0.539318      0.390089
   87        89      0.840443  [ 7.42  30.84  61.74  37.23  6.43  56.33 ]        0.539318      0.390089
   88        90      0.838765  [ 7.42  30.84  61.74  37.23  6.43  56.33 ]        0.539318      0.390089
   89        91      0.837091  [ 0.73  24.15  75.12  42.15  11.35  46.51 ]        0.731735      0.390089
   90        92       0.83542  [ 5.14  28.56  66.30  49.99  19.18  30.83 ]         1.01285      0.390089
   91        93      0.833753  [ 5.15  28.57  66.28  33.49  2.68  63.83 ]        0.235984      0.235984
   92        94      0.832089  [ 5.15  28.57  66.28  33.49  2.68  63.83 ]        0.235984      0.235984
   93        95      0.830428  [ 5.99  29.41  64.60  31.73  0.93  67.34 ]        0.308389      0.235984
   94        96       0.82877  [ 5.99  29.41  64.60  31.73  0.93  67.34 ]        0.308389      0.235984
   95        97      0.827116  [ 13.71  37.14  49.15  36.09  5.29  58.62 ]        0.840147      0.235984
   96        98      0.825465  [ 4.40  27.83  67.77  55.32  24.51  20.17 ]         1.31177      0.235984
   97        99      0.823817  [ 26.71  50.13  23.16  64.90  34.10  1.00 ]         2.06208      0.235984
   98       100      0.822173  [ 17.11  40.53  42.37  38.26  7.46  54.28 ]         1.17442      0.235984
   99       101      0.820532  [ 33.64  57.06  9.30  57.61  26.81  15.58 ]         2.43145      0.235984
  100       102      0.818894  [ 9.77  33.19  57.03  55.00  24.20  20.80 ]          1.3182      0.235984
  101       103       0.81726  [ 7.18  30.61  62.21  59.59  28.79  11.62 ]         1.44013      0.235984
  102       104      0.815629  [ 7.18  30.61  62.21  59.59  28.79  11.62 ]         1.44013      0.235984
  103       105      0.814001  [ 32.43  55.85  11.73  34.35  3.55  62.10 ]         2.32516      0.235984
  104       106      0.812376  [ 20.40  43.83  35.77  40.92  10.12  48.97 ]         1.45551      0.235984
  105       107      0.810754  [ 16.88  40.30  42.82  53.72  22.91  23.37 ]         1.53056      0.235984
  106       108      0.809136  [ 2.19  25.62  72.19  36.55  5.75  57.70 ]        0.268271      0.235984
  107       109      0.807521  [ 20.12  43.55  36.33  37.91  7.11  54.98 ]         1.46007      0.235984
  108       110      0.805909  [ 13.52  36.94  49.55  32.22  1.42  66.36 ]        0.809967      0.235984
  109       111      0.804301  [ 2.04  25.46  72.50  58.69  27.89  13.42 ]         1.49257      0.235984
  110       112      0.802695  [ 2.04  25.46  72.50  58.69  27.89  13.42 ]         1.49257      0.235984
  111       113      0.801093  [ 11.55  34.97  53.48  52.24  21.43  26.33 ]         1.21347      0.235984
  112       114      0.799494  [ 3.47  26.89  69.65  57.74  26.93  15.33 ]          1.4319      0.235984
  113       115      0.797898  [ 4.08  27.50  68.41  50.55  19.75  29.70 ]         1.03177      0.235984
  114       116      0.796306  [ 22.97  46.40  30.63  63.37  32.57  4.05 ]         1.89468      0.235984
  115       117      0.794716  [ 2.52  25.94  71.54  44.37  13.56  42.07 ]        0.816039      0.235984
  116       118       0.79313  [ 6.61  30.03  63.36  31.23  0.43  68.34 ]         0.31452      0.235984
  117       119      0.791547  [ 6.61  30.03  63.36  31.23  0.43  68.34 ]         0.31452      0.235984
  118       120      0.789967  [ 8.18  31.60  60.23  39.29  8.49  52.22 ]        0.634983      0.235984
  119       121       0.78839  [ 8.18  31.60  60.23  39.29  8.49  52.22 ]        0.634983      0.235984
  120       122      0.786816  [ 8.18  31.60  60.23  39.29  8.49  52.22 ]        0.634983      0.235984
  121       123      0.785246  [ 0.87  24.29  74.84  48.90  18.10  33.00 ]         1.08588      0.235984
  122       124      0.783679  [ 0.26  23.69  76.05  47.54  16.73  35.73 ]        0.945773      0.235984
  123       125      0.782114  [ 13.74  37.16  49.10  30.91  0.11  68.98 ]        0.770402      0.235984
  124       126      0.780553  [ 13.74  37.16  49.10  30.91  0.11  68.98 ]        0.770402      0.235984
  125       127      0.778995  [ 13.74  37.16  49.10  30.91  0.11  68.98 ]        0.770402      0.235984
  126       128       0.77744  [ 13.74  37.16  49.10  30.91  0.11  68.98 ]        0.770402      0.235984
  127       129      0.775889  [ 17.18  40.61  42.21  53.42  22.61  23.97 ]         1.49165      0.235984
  128       130       0.77434  [ 17.18  40.61  42.21  53.42  22.61  23.97 ]         1.49165      0.235984
  129       131      0.772794  [ 25.79  49.21  25.00  35.75  4.94  59.31 ]         1.78553      0.235984
  130       132      0.771252  [ 25.79  49.21  25.00  35.75  4.94  59.31 ]         1.78553      0.235984
  131       133      0.769712  [ 25.79  49.21  25.00  35.75  4.94  59.31 ]         1.78553      0.235984
  132       134      0.768176  [ 25.79  49.21  25.00  35.75  4.94  59.31 ]         1.78553      0.235984
  133       135      0.766643  [ 35.06  58.48  6.47  41.29  10.49  48.22 ]         2.46182      0.235984
  134       136      0.765113  [ 13.40  36.83  49.77  36.07  5.27  58.66 ]        0.883429      0.235984
  135       137      0.763585  [ 13.40  36.83  49.77  36.07  5.27  58.66 ]        0.883429      0.235984
  136       138      0.762061  [ 13.40  36.83  49.77  36.07  5.27  58.66 ]        0.883429      0.235984
  137       139       0.76054  [ 4.42  27.85  67.73  44.42  13.61  41.97 ]        0.807308      0.235984
  138       140      0.759022  [ 2.35  25.78  71.87  55.48  24.67  19.85 ]         1.29612      0.235984
  139       141      0.757507  [ 2.35  25.78  71.87  55.48  24.67  19.85 ]         1.29612      0.235984
  140       142      0.755995  [ 2.35  25.78  71.87  55.48  24.67  19.85 ]         1.29612      0.235984
  141       143      0.754486  [ 10.47  33.90  55.63  54.45  23.64  21.91 ]         1.32872      0.235984
  142       144       0.75298  [ 19.41  42.83  37.76  43.04  12.23  44.73 ]         1.34519      0.235984
  143       145      0.751477  [ 10.12  33.54  56.35  49.70  18.89  31.41 ]         1.08876      0.235984
  144       146      0.749977  [ 2.38  25.80  71.81  31.47  0.67  67.86 ]        0.171828      0.171828
  145       147       0.74848  [ 18.75  42.17  39.08  52.83  22.02  25.15 ]         1.51876      0.171828
  146       148      0.746986  [ 18.75  42.17  39.08  52.83  22.02  25.15 ]         1.51876      0.171828
  147       149      0.745495  [ 8.82  32.24  58.94  58.76  27.95  13.29 ]         1.44665      0.171828
  148       150      0.744007  [ 8.82  32.24  58.94  58.76  27.95  13.29 ]         1.44665      0.171828
  149       151      0.742522  [ 8.82  32.24  58.94  58.76  27.95  13.29 ]         1.44665      0.171828
  150       152       0.74104  [ 8.82  32.24  58.94  58.76  27.95  13.29 ]         1.44665      0.171828
  151       153      0.739561  [ 6.66  30.09  63.25  57.41  26.61  15.98 ]         1.39492      0.171828
  152       154      0.738085  [ 17.64  41.06  41.30  41.57  10.77  47.66 ]         1.23399      0.171828
  153       155      0.736612  [ 12.27  35.70  52.03  40.54  9.74  49.72 ]        0.914832      0.171828
  154       156      0.735141  [ 3.91  27.33  68.75  54.64  23.84  21.52 ]         1.27509      0.171828
  155       157      0.733674  [ 25.10  48.52  26.38  57.82  27.02  15.16 ]         1.93367      0.171828
  156       158       0.73221  [ 25.10  48.52  26.38  57.82  27.02  15.16 ]         1.93367      0.171828
  157       159      0.730748  [ 20.29  43.72  35.99  60.68  29.88  9.44 ]         1.73687      0.171828
  158       160       0.72929  [ 8.02  31.45  60.53  65.36  34.56  0.08 ]         1.71611      0.171828
  159       161      0.727834  [ 19.75  43.17  37.08  51.98  21.18  26.84 ]         1.59419      0.171828
  160       162      0.726381  [ 9.48  32.90  57.61  59.09  28.29  12.62 ]         1.46423      0.171828
  161       163      0.724931  [ 6.15  29.57  64.28  59.55  28.75  11.70 ]         1.42837      0.171828
  162       164      0.723484  [ 0.57  24.00  75.43  54.68  23.88  21.44 ]         1.39257      0.171828
  163       165       0.72204  [ 10.56  33.98  55.46  45.50  14.70  39.80 ]        0.955168      0.171828
  164       166      0.720599  [ 9.09  32.52  58.39  39.93  9.13  50.95 ]        0.672471      0.171828
  165       167      0.719161  [ 9.09  32.52  58.39  39.93  9.13  50.95 ]        0.672471      0.171828
  166       168      0.717725  [ 9.09  32.52  58.39  39.93  9.13  50.95 ]        0.672471      0.171828
  167       169      0.716293  [ 9.09  32.52  58.39  39.93  9.13  50.95 ]        0.672471      0.171828
  168       170      0.714863  [ 8.36  31.78  59.85  50.09  19.28  30.63 ]         1.07386      0.171828
  169       171      0.713436  [ 9.76  33.18  57.05  44.06  13.25  42.69 ]        0.902184      0.171828
  170       172      0.712012  [ 9.76  33.18  57.05  44.06  13.25  42.69 ]        0.902184      0.171828
  171       173      0.710591  [ 9.76  33.18  57.05  44.06  13.25  42.69 ]        0.902184      0.171828
  172       174      0.709173  [ 5.14  28.56  66.30  49.47  18.66  31.87 ]         1.01249      0.171828
  173       175      0.707757  [ 5.14  28.56  66.30  49.47  18.66  31.87 ]         1.01249      0.171828
  174       176      0.706344  [ 15.65  39.07  45.28  36.66  5.85  57.49 ]          1.0838      0.171828
  175       177      0.704934  [ 15.65  39.07  45.28  36.66  5.85  57.49 ]          1.0838      0.171828
  176       178      0.703527  [ 25.62  49.05  25.33  56.75  25.95  17.30 ]         1.94018      0.171828
  177       179      0.702123  [ 7.29  30.71  62.00  36.62  5.81  57.57 ]        0.546143      0.171828
  178       180      0.700722  [ 7.29  30.71  62.00  36.62  5.81  57.57 ]        0.546143      0.171828
  179       181      0.699323  [ 7.29  30.71  62.00  36.62  5.81  57.57 ]        0.546143      0.171828
  180       182      0.697927  [ 7.29  30.71  62.00  36.62  5.81  57.57 ]        0.546143      0.171828
  181       183      0.696534  [ 7.29  30.71  62.00  36.62  5.81  57.57 ]        0.546143      0.171828
  182       184      0.695144  [ 7.29  30.71  62.00  36.62  5.81  57.57 ]        0.546143      0.171828
  183       185      0.693756  [ 7.29  30.71  62.00  36.62  5.81  57.57 ]        0.546143      0.171828
  184       186      0.692372  [ 12.49  35.91  51.59  42.68  11.87  45.45 ]         1.00414      0.171828
  185       187       0.69099  [ 12.49  35.91  51.59  42.68  11.87  45.45 ]         1.00414      0.171828
  186       188       0.68961  [ 12.22  35.65  52.13  31.86  1.05  67.09 ]        0.650594      0.171828
  187       189      0.688234  [ 12.22  35.65  52.13  31.86  1.05  67.09 ]        0.650594      0.171828
  188       190       0.68686  [ 12.22  35.65  52.13  31.86  1.05  67.09 ]        0.650594      0.171828
  189       191      0.685489  [ 12.22  35.65  52.13  31.86  1.05  67.09 ]        0.650594      0.171828
  190       192      0.684121  [ 12.22  35.65  52.13  31.86  1.05  67.09 ]        0.650594      0.171828
  191       193      0.682755  [ 12.22  35.65  52.13  31.86  1.05  67.09 ]        0.650594      0.171828
  192       194      0.681393  [ 9.46  32.88  57.66  58.43  27.62  13.95 ]         1.45843      0.171828
  193       195      0.680033  [ 14.70  38.12  47.18  41.51  10.70  47.79 ]         1.05839      0.171828
  194       196      0.678675  [ 19.13  42.55  38.32  50.23  19.43  30.34 ]         1.54347      0.171828
  195       197      0.677321  [ 16.19  39.61  44.19  63.09  32.29  4.62 ]         1.69238      0.171828
  196       198      0.675969  [ 30.41  53.83  15.76  58.90  28.10  13.00 ]         2.22772      0.171828
  197       199      0.674619  [ 18.90  42.32  38.78  56.28  25.47  18.25 ]         1.67162      0.171828
  198       200      0.673273  [ 14.68  38.10  47.22  54.98  24.18  20.84 ]         1.44983      0.171828
  199       201      0.671929  [ 17.59  41.01  41.40  38.56  7.76  53.69 ]          1.1531      0.171828
  200       202      0.670588  [ 2.83  26.26  70.91  50.08  19.28  30.64 ]        0.974918      0.171828
  201       203      0.669249  [ 2.83  26.26  70.91  50.08  19.28  30.64 ]        0.974918      0.171828
  202       204      0.667914  [ 2.63  26.05  71.31  41.63  10.83  47.55 ]        0.624004      0.171828
  203       205       0.66658  [ 2.63  26.05  71.31  41.63  10.83  47.55 ]        0.624004      0.171828
  204       206       0.66525  [ 2.51  25.93  71.56  51.36  20.56  28.09 ]         1.06507      0.171828
  205       207      0.663922  [ 2.51  25.93  71.56  51.36  20.56  28.09 ]         1.06507      0.171828
  206       208      0.662597  [ 10.60  34.03  55.37  35.22  4.42  60.36 ]        0.643868      0.171828
  207       209      0.661274  [ 10.60  34.03  55.37  35.22  4.42  60.36 ]        0.643868      0.171828
  208       210      0.659954  [ 11.66  35.08  53.26  38.03  7.23  54.74 ]         0.85715      0.171828
  209       211      0.658637  [ 11.66  35.08  53.26  38.03  7.23  54.74 ]         0.85715      0.171828
  210       212      0.657322  [ 11.66  35.08  53.26  38.03  7.23  54.74 ]         0.85715      0.171828
  211       213       0.65601  [ 0.17  23.60  76.23  42.42  11.61  45.97 ]        0.712992      0.171828
  212       214      0.654701  [ 0.17  23.60  76.23  42.42  11.61  45.97 ]        0.712992      0.171828
  213       215      0.653394  [ 5.09  28.51  66.41  36.37  5.57  58.06 ]         0.42854      0.171828
  214       216       0.65209  [ 5.09  28.51  66.41  36.37  5.57  58.06 ]         0.42854      0.171828
  215       217      0.650789  [ 5.09  28.51  66.41  36.37  5.57  58.06 ]         0.42854      0.171828
  216       218       0.64949  [ 5.09  28.51  66.41  36.37  5.57  58.06 ]         0.42854      0.171828
  217       219      0.648193  [ 25.91  49.33  24.76  42.24  11.44  46.32 ]         1.91502      0.171828
  218       220      0.646899  [ 6.48  29.91  63.61  39.65  8.85  51.50 ]        0.624079      0.171828
  219       221      0.645608  [ 6.48  29.91  63.61  39.65  8.85  51.50 ]        0.624079      0.171828
  220       222      0.644319  [ 5.12  28.54  66.34  34.11  3.31  62.58 ]        0.279121      0.171828
  221       223      0.643033  [ 16.34  39.76  43.90  48.66  17.86  33.48 ]         1.31823      0.171828
  222       224       0.64175  [ 3.52  26.94  69.54  47.78  16.98  35.24 ]        0.909305      0.171828
  223       225      0.640469  [ 3.52  26.94  69.54  47.78  16.98  35.24 ]        0.909305      0.171828
  224       226      0.639191  [ 3.52  26.94  69.54  47.78  16.98  35.24 ]        0.909305      0.171828
  225       227      0.637915  [ 3.52  26.94  69.54  47.78  16.98  35.24 ]        0.909305      0.171828
  226       228      0.636641  [ 3.52  26.94  69.54  47.78  16.98  35.24 ]        0.909305      0.171828
  227       229      0.635371  [ 3.52  26.94  69.54  47.78  16.98  35.24 ]        0.909305      0.171828
  228       230      0.634103  [ 3.52  26.94  69.54  47.78  16.98  35.24 ]        0.909305      0.171828
  229       231      0.632837  [ 3.52  26.94  69.54  47.78  16.98  35.24 ]        0.909305      0.171828
  230       232      0.631574  [ 3.52  26.94  69.54  47.78  16.98  35.24 ]        0.909305      0.171828
  231       233      0.630313  [ 3.52  26.94  69.54  47.78  16.98  35.24 ]        0.909305      0.171828
  232       234      0.629055  [ 3.52  26.94  69.54  47.78  16.98  35.24 ]        0.909305      0.171828
  233       235      0.627799  [ 22.74  46.16  31.10  48.57  17.77  33.66 ]         1.67307      0.171828
  234       236      0.626546  [ 19.70  43.12  37.17  52.34  21.54  26.12 ]         1.59859      0.171828
  235       237      0.625296  [ 16.83  40.25  42.92  45.16  14.35  40.49 ]         1.35983      0.171828
  236       238      0.624048  [ 16.83  40.25  42.92  45.16  14.35  40.49 ]         1.35983      0.171828
  237       239      0.622802  [ 8.06  31.48  60.46  38.51  7.71  53.78 ]        0.655242      0.171828
  238       240      0.621559  [ 8.06  31.48  60.46  38.51  7.71  53.78 ]        0.655242      0.171828
  239       241      0.620318  [ 8.06  31.48  60.46  38.51  7.71  53.78 ]        0.655242      0.171828
  240       242       0.61908  [ 11.01  34.44  54.55  37.37  6.56  56.07 ]        0.720828      0.171828
  241       243      0.617844  [ 11.01  34.44  54.55  37.37  6.56  56.07 ]        0.720828      0.171828
  242       244      0.616611  [ 21.54  44.97  33.49  42.82  12.01  45.17 ]         1.55123      0.171828
  243       245       0.61538  [ 11.75  35.18  53.07  56.95  26.15  16.90 ]         1.42749      0.171828
  244       246      0.614152  [ 11.75  35.18  53.07  56.95  26.15  16.90 ]         1.42749      0.171828
  245       247      0.612926  [ 11.75  35.18  53.07  56.95  26.15  16.90 ]         1.42749      0.171828
  246       248      0.611703  [ 22.55  45.97  31.47  46.92  16.11  36.97 ]         1.66797      0.171828
  247       249      0.610482  [ 22.55  45.97  31.47  46.92  16.11  36.97 ]         1.66797      0.171828
  248       250      0.609263  [ 26.13  49.55  24.32  56.25  25.45  18.30 ]         1.96582      0.171828
  249       251      0.608047  [ 31.63  55.05  13.32  32.99  2.18  64.83 ]         2.17362      0.171828
  250       252      0.606834  [ 4.58  28.00  67.42  31.88  1.07  67.05 ]       0.0691448     0.0691448
  251       253      0.605622  [ 6.55  29.97  63.49  32.44  1.63  65.93 ]        0.302603     0.0691448
  252       254      0.604414  [ 6.55  29.97  63.49  32.44  1.63  65.93 ]        0.302603     0.0691448
  253       255      0.603207  [ 6.55  29.97  63.49  32.44  1.63  65.93 ]        0.302603     0.0691448
  254       256      0.602003  [ 18.11  41.53  40.36  53.08  22.28  24.65 ]         1.51607     0.0691448
  255       257      0.600802  [ 18.11  41.53  40.36  53.08  22.28  24.65 ]         1.51607     0.0691448
  256       258      0.599602  [ 18.11  41.53  40.36  53.08  22.28  24.65 ]         1.51607     0.0691448
  257       259      0.598405  [ 18.11  41.53  40.36  53.08  22.28  24.65 ]         1.51607     0.0691448
  258       260      0.597211  [ 23.54  46.96  29.50  30.82  0.02  69.16 ]         1.60973     0.0691448
  259       261      0.596019  [ 23.54  46.96  29.50  30.82  0.02  69.16 ]         1.60973     0.0691448
  260       262      0.594829  [ 18.09  41.52  40.39  43.31  12.51  44.18 ]         1.35473     0.0691448
  261       263      0.593642  [ 18.09  41.52  40.39  43.31  12.51  44.18 ]         1.35473     0.0691448
  262       264      0.592457  [ 18.09  41.52  40.39  43.31  12.51  44.18 ]         1.35473     0.0691448
  263       265      0.591275  [ 12.18  35.60  52.22  35.54  4.73  59.73 ]        0.798733     0.0691448
  264       266      0.590094  [ 7.87  31.30  60.83  56.41  25.61  17.99 ]         1.35687     0.0691448
  265       267      0.588917  [ 0.78  24.21  75.01  37.94  7.14  54.92 ]        0.461418     0.0691448
  266       268      0.587741  [ 0.78  24.21  75.01  37.94  7.14  54.92 ]        0.461418     0.0691448
  267       269      0.586568  [ 0.78  24.21  75.01  37.94  7.14  54.92 ]        0.461418     0.0691448
  268       270      0.585397  [ 0.78  24.21  75.01  37.94  7.14  54.92 ]        0.461418     0.0691448
  269       271      0.584229  [ 6.41  29.84  63.75  46.80  16.00  37.20 ]        0.860631     0.0691448
  270       272      0.583063  [ 6.41  29.84  63.75  46.80  16.00  37.20 ]        0.860631     0.0691448
  271       273      0.581899  [ 6.41  29.84  63.75  46.80  16.00  37.20 ]        0.860631     0.0691448
  272       274      0.580737  [ 6.41  29.84  63.75  46.80  16.00  37.20 ]        0.860631     0.0691448
  273       275      0.579578  [ 6.41  29.84  63.75  46.80  16.00  37.20 ]        0.860631     0.0691448
  274       276      0.578421  [ 6.41  29.84  63.75  46.80  16.00  37.20 ]        0.860631     0.0691448
  275       277      0.577267  [ 14.50  37.92  47.59  61.63  30.83  7.54 ]         1.61328     0.0691448
  276       278      0.576115  [ 3.07  26.50  70.43  33.44  2.63  63.93 ]        0.176571     0.0691448
  277       279      0.574965  [ 3.07  26.50  70.43  33.44  2.63  63.93 ]        0.176571     0.0691448
  278       280      0.573817  [ 3.07  26.50  70.43  33.44  2.63  63.93 ]        0.176571     0.0691448
  279       281      0.572672  [ 3.07  26.50  70.43  33.44  2.63  63.93 ]        0.176571     0.0691448
  280       282      0.571529  [ 3.07  26.50  70.43  33.44  2.63  63.93 ]        0.176571     0.0691448
  281       283      0.570388  [ 3.07  26.50  70.43  33.44  2.63  63.93 ]        0.176571     0.0691448
  282       284      0.569249  [ 3.07  26.50  70.43  33.44  2.63  63.93 ]        0.176571     0.0691448
  283       285      0.568113  [ 3.07  26.50  70.43  33.44  2.63  63.93 ]        0.176571     0.0691448
  284       286      0.566979  [ 3.07  26.50  70.43  33.44  2.63  63.93 ]        0.176571     0.0691448
  285       287      0.565847  [ 3.07  26.50  70.43  33.44  2.63  63.93 ]        0.176571     0.0691448
  286       288      0.564718  [ 3.07  26.50  70.43  33.44  2.63  63.93 ]        0.176571     0.0691448
  287       289      0.563591  [ 3.07  26.50  70.43  33.44  2.63  63.93 ]        0.176571     0.0691448
  288       290      0.562466  [ 6.62  30.04  63.34  53.41  22.61  23.98 ]         1.15064     0.0691448
  289       291      0.561343  [ 7.25  30.67  62.08  33.44  2.63  63.93 ]        0.380283     0.0691448
  290       292      0.560223  [ 7.25  30.67  62.08  33.44  2.63  63.93 ]        0.380283     0.0691448
  291       293      0.559105  [ 7.25  30.67  62.08  33.44  2.63  63.93 ]        0.380283     0.0691448
  292       294      0.557989  [ 7.25  30.67  62.08  33.44  2.63  63.93 ]        0.380283     0.0691448
  293       295      0.556875  [ 15.03  38.45  46.52  38.90  8.09  53.01 ]        0.975041     0.0691448
  294       296      0.555763  [ 9.19  32.61  58.19  31.22  0.41  68.37 ]        0.418778     0.0691448
  295       297      0.554654  [ 9.19  32.61  58.19  31.22  0.41  68.37 ]        0.418778     0.0691448
  296       298      0.553547  [ 9.19  32.61  58.19  31.22  0.41  68.37 ]        0.418778     0.0691448
  297       299      0.552442  [ 9.19  32.61  58.19  31.22  0.41  68.37 ]        0.418778     0.0691448
  298       300      0.551339  [ 10.56  33.99  55.45  44.93  14.12  40.95 ]        0.975177     0.0691448
  299       301      0.550239  [ 10.56  33.99  55.45  44.93  14.12  40.95 ]        0.975177     0.0691448
  300       302      0.549141  [ 1.96  25.39  72.65  36.32  5.52  58.16 ]        0.444735     0.0691448
  301       303      0.548044  [ 1.96  25.39  72.65  36.32  5.52  58.16 ]        0.444735     0.0691448
  302       304      0.546951  [ 1.96  25.39  72.65  36.32  5.52  58.16 ]        0.444735     0.0691448
  303       305      0.545859  [ 1.96  25.39  72.65  36.32  5.52  58.16 ]        0.444735     0.0691448
  304       306      0.544769  [ 1.96  25.39  72.65  36.32  5.52  58.16 ]        0.444735     0.0691448
  305       307      0.543682  [ 1.96  25.39  72.65  36.32  5.52  58.16 ]        0.444735     0.0691448
  306       308      0.542597  [ 1.96  25.39  72.65  36.32  5.52  58.16 ]        0.444735     0.0691448
  307       309      0.541514  [ 0.45  23.87  75.68  45.16  14.35  40.49 ]        0.802233     0.0691448
  308       310      0.540433  [ 0.45  23.87  75.68  45.16  14.35  40.49 ]        0.802233     0.0691448
  309       311      0.539354  [ 25.72  49.14  25.13  64.21  33.40  2.39 ]         2.02336     0.0691448
  310       312      0.538278  [ 30.17  53.59  16.23  41.59  10.79  47.62 ]         2.14011     0.0691448
  311       313      0.537203  [ 28.69  52.12  19.19  40.54  9.73  49.73 ]         2.03638     0.0691448
  312       314      0.536131  [ 27.21  50.64  22.15  53.58  22.77  23.65 ]         2.01491     0.0691448
  313       315      0.535061  [ 27.21  50.64  22.15  53.58  22.77  23.65 ]         2.01491     0.0691448
  314       316      0.533993  [ 25.55  48.97  25.48  41.48  10.68  47.84 ]         1.83733     0.0691448
  315       317      0.532927  [ 13.75  37.18  49.07  46.55  15.74  37.71 ]         1.19558     0.0691448
  316       318      0.531863  [ 11.71  35.13  53.16  32.29  1.48  66.23 ]        0.734559     0.0691448
  317       319      0.530802  [ 11.71  35.13  53.16  32.29  1.48  66.23 ]        0.734559     0.0691448
  318       320      0.529742  [ 11.71  35.13  53.16  32.29  1.48  66.23 ]        0.734559     0.0691448
  319       321      0.528685  [ 3.92  27.34  68.74  38.80  8.00  53.20 ]        0.535178     0.0691448
  320       322       0.52763  [ 2.49  25.91  71.60  31.99  1.18  66.83 ]        0.129519     0.0691448
  321       323      0.526576  [ 2.49  25.91  71.60  31.99  1.18  66.83 ]        0.129519     0.0691448
  322       324      0.525525  [ 2.49  25.91  71.60  31.99  1.18  66.83 ]        0.129519     0.0691448
  323       325      0.524476  [ 2.49  25.91  71.60  31.99  1.18  66.83 ]        0.129519     0.0691448
  324       326       0.52343  [ 10.70  34.13  55.17  36.65  5.85  57.50 ]        0.708753     0.0691448
  325       327      0.522385  [ 10.70  34.13  55.17  36.65  5.85  57.50 ]        0.708753     0.0691448
  326       328      0.521342  [ 10.70  34.13  55.17  36.65  5.85  57.50 ]        0.708753     0.0691448
  327       329      0.520301  [ 10.70  34.13  55.17  36.65  5.85  57.50 ]        0.708753     0.0691448
  328       330      0.519263  [ 1.68  25.11  73.21  33.21  2.41  64.38 ]        0.198223     0.0691448
  329       331      0.518226  [ 1.68  25.11  73.21  33.21  2.41  64.38 ]        0.198223     0.0691448
  330       332      0.517192  [ 1.68  25.11  73.21  33.21  2.41  64.38 ]        0.198223     0.0691448
  331       333       0.51616  [ 1.68  25.11  73.21  33.21  2.41  64.38 ]        0.198223     0.0691448
  332       334       0.51513  [ 1.68  25.11  73.21  33.21  2.41  64.38 ]        0.198223     0.0691448
  333       335      0.514101  [ 1.68  25.11  73.21  33.21  2.41  64.38 ]        0.198223     0.0691448
  334       336      0.513075  [ 1.68  25.11  73.21  33.21  2.41  64.38 ]        0.198223     0.0691448
  335       337      0.512051  [ 1.68  25.11  73.21  33.21  2.41  64.38 ]        0.198223     0.0691448
  336       338      0.511029  [ 1.68  25.11  73.21  33.21  2.41  64.38 ]        0.198223     0.0691448
  337       339      0.510009  [ 1.68  25.11  73.21  33.21  2.41  64.38 ]        0.198223     0.0691448
  338       340      0.508991  [ 1.68  25.11  73.21  33.21  2.41  64.38 ]        0.198223     0.0691448
  339       341      0.507975  [ 12.99  36.42  50.59  35.54  4.73  59.73 ]        0.801159     0.0691448
  340       342      0.506961  [ 12.99  36.42  50.59  35.54  4.73  59.73 ]        0.801159     0.0691448
  341       343      0.505949  [ 9.79  33.21  56.99  31.65  0.84  67.51 ]        0.510752     0.0691448
  342       344      0.504939  [ 9.79  33.21  56.99  31.65  0.84  67.51 ]        0.510752     0.0691448
  343       345      0.503932  [ 9.79  33.21  56.99  31.65  0.84  67.51 ]        0.510752     0.0691448
  344       346      0.502926  [ 9.79  33.21  56.99  31.65  0.84  67.51 ]        0.510752     0.0691448
  345       347      0.501922  [ 9.79  33.21  56.99  31.65  0.84  67.51 ]        0.510752     0.0691448
  346       348       0.50092  [ 7.20  30.62  62.18  35.18  4.37  60.45 ]        0.434783     0.0691448
