Modelisation	Energy	Standard_deviation
1 0.153 0.040
1 0.187 0.040
1 0.217 0.040
1 0.165 0.040
1 0.160 0.040
1 0.216 0.040
1 0.194 0.040
1 0.194 0.040
1 0.160 0.040
1 0.194 0.040
1 0.214 0.040
1 0.159 0.040
1 0.148 0.040
1 0.208 0.040
1 0.191 0.040
1 0.108 0.040
1 0.146 0.040
1 0.263 0.040
1 0.261 0.040
1 0.154 0.040
1 0.177 0.040
1 0.132 0.040
1 0.234 0.040
1 0.103 0.040
1 0.120 0.040
1 0.148 0.040
1 0.155 0.040
1 0.247 0.040
1 0.173 0.040
1 0.106 0.040
1 0.176 0.040
1 0.145 0.040
1 0.103 0.040
1 0.149 0.040
1 0.215 0.040
1 0.217 0.040
1 0.213 0.040
1 0.166 0.040
1 0.069 0.040
1 0.132 0.040
1 0.218 0.040
1 0.244 0.040
1 0.135 0.040
1 0.133 0.040
1 0.212 0.040
1 0.141 0.040
1 0.226 0.040
1 0.125 0.040
1 0.203 0.040
1 0.168 0.040
1 0.236 0.040
1 0.177 0.040
1 0.133 0.040
1 0.176 0.040
1 0.146 0.040
1 0.180 0.040
1 0.180 0.040
1 0.173 0.040
1 0.173 0.040
1 0.137 0.040
1 0.127 0.040
1 0.129 0.040
1 0.218 0.040
1 0.175 0.040
1 0.156 0.040
1 0.209 0.040
1 0.152 0.040
1 0.195 0.040
1 0.166 0.040
1 0.160 0.040
1 0.214 0.040
1 0.130 0.040
1 0.157 0.040
1 0.204 0.040
1 0.109 0.040
1 0.195 0.040
1 0.193 0.040
1 0.108 0.040
1 0.224 0.040
1 0.166 0.040
1 0.178 0.040
1 0.120 0.040
1 0.189 0.040
1 0.093 0.040
1 0.189 0.040
1 0.108 0.040
1 0.158 0.040
1 0.128 0.040
1 0.141 0.040
1 0.216 0.040
1 0.178 0.040
1 0.173 0.040
1 0.135 0.040
1 0.177 0.040
1 0.234 0.040
1 0.183 0.040
1 0.231 0.040
1 0.181 0.040
1 0.127 0.040
1 0.162 0.040
2 0.618 0.034
2 0.652 0.034
2 0.668 0.034
2 0.608 0.034
2 0.574 0.034
2 0.580 0.034
2 0.629 0.034
2 0.626 0.034
2 0.686 0.034
2 0.700 0.034
2 0.601 0.034
2 0.625 0.034
2 0.651 0.034
2 0.674 0.034
2 0.666 0.034
2 0.660 0.034
2 0.587 0.034
2 0.571 0.034
2 0.583 0.034
2 0.615 0.034
2 0.603 0.034
2 0.625 0.034
2 0.678 0.034
2 0.651 0.034
2 0.651 0.034
2 0.609 0.034
2 0.666 0.034
2 0.578 0.034
2 0.634 0.034
2 0.629 0.034
2 0.657 0.034
2 0.635 0.034
2 0.668 0.034
2 0.677 0.034
2 0.575 0.034
2 0.627 0.034
2 0.676 0.034
2 0.573 0.034
2 0.651 0.034
2 0.574 0.034
2 0.545 0.034
2 0.592 0.034
2 0.632 0.034
2 0.600 0.034
2 0.621 0.034
2 0.666 0.034
2 0.689 0.034
2 0.694 0.034
2 0.629 0.034
2 0.631 0.034
2 0.615 0.034
2 0.609 0.034
2 0.624 0.034
2 0.648 0.034
2 0.607 0.034
2 0.626 0.034
2 0.622 0.034
2 0.624 0.034
2 0.607 0.034
2 0.588 0.034
2 0.659 0.034
2 0.630 0.034
2 0.576 0.034
2 0.650 0.034
2 0.641 0.034
2 0.631 0.034
2 0.602 0.034
2 0.650 0.034
2 0.624 0.034
2 0.662 0.034
2 0.632 0.034
2 0.643 0.034
2 0.624 0.034
2 0.689 0.034
2 0.652 0.034
2 0.632 0.034
2 0.632 0.034
2 0.622 0.034
2 0.678 0.034
2 0.651 0.034
2 0.577 0.034
2 0.609 0.034
2 0.588 0.034
2 0.579 0.034
2 0.651 0.034
2 0.689 0.034
2 0.653 0.034
2 0.633 0.034
2 0.639 0.034
2 0.633 0.034
2 0.580 0.034
2 0.630 0.034
2 0.601 0.034
2 0.605 0.034
2 0.667 0.034
2 0.622 0.034
2 0.616 0.034
2 0.682 0.034
2 0.670 0.034
2 0.609 0.034
4 1.290 0.046
4 1.305 0.046
4 1.194 0.046
4 1.290 0.046
4 1.218 0.046
4 1.246 0.046
4 1.295 0.046
4 1.298 0.046
4 1.217 0.046
4 1.317 0.046
4 1.292 0.046
4 1.185 0.046
4 1.238 0.046
4 1.270 0.046
4 1.263 0.046
4 1.233 0.046
4 1.238 0.046
4 1.263 0.046
4 1.292 0.046
4 1.255 0.046
4 1.239 0.046
4 1.260 0.046
4 1.270 0.046
4 1.187 0.046
4 1.257 0.046
4 1.244 0.046
4 1.233 0.046
4 1.281 0.046
4 1.255 0.046
4 1.217 0.046
4 1.246 0.046
4 1.204 0.046
4 1.340 0.046
4 1.212 0.046
4 1.310 0.046
4 1.262 0.046
4 1.183 0.046
4 1.285 0.046
4 1.273 0.046
4 1.238 0.046
4 1.276 0.046
4 1.275 0.046
4 1.213 0.046
4 1.250 0.046
4 1.293 0.046
4 1.172 0.046
4 1.269 0.046
4 1.270 0.046
4 1.297 0.046
4 1.265 0.046
4 1.279 0.046
4 1.183 0.046
4 1.199 0.046
4 1.222 0.046
4 1.262 0.046
4 1.198 0.046
4 1.250 0.046
4 1.281 0.046
4 1.271 0.046
4 1.145 0.046
4 1.203 0.046
4 1.226 0.046
4 1.300 0.046
4 1.307 0.046
4 1.295 0.046
4 1.246 0.046
4 1.288 0.046
4 1.201 0.046
4 1.183 0.046
4 1.296 0.046
4 1.360 0.046
4 1.246 0.046
4 1.283 0.046
4 1.325 0.046
4 1.214 0.046
4 1.298 0.046
4 1.243 0.046
4 1.345 0.046
4 1.283 0.046
4 1.280 0.046
4 1.310 0.046
4 1.281 0.046
4 1.293 0.046
4 1.171 0.046
4 1.176 0.046
4 1.226 0.046
4 1.204 0.046
4 1.295 0.046
4 1.226 0.046
4 1.210 0.046
4 1.160 0.046
4 1.194 0.046
4 1.286 0.046
4 1.324 0.046
4 1.261 0.046
4 1.184 0.046
4 1.186 0.046
4 1.190 0.046
4 1.194 0.046
4 1.261 0.046
3 0.835 0.047
3 0.784 0.047
3 0.914 0.047
3 0.858 0.047
3 0.814 0.047
3 0.834 0.047
3 0.857 0.047
3 0.865 0.047
3 0.775 0.047
3 0.795 0.047
3 0.912 0.047
3 0.815 0.047
3 0.819 0.047
3 0.828 0.047
3 0.719 0.047
3 0.832 0.047
3 0.803 0.047
3 0.837 0.047
3 0.881 0.047
3 0.765 0.047
3 0.838 0.047
3 0.784 0.047
3 0.857 0.047
3 0.892 0.047
3 0.779 0.047
3 0.773 0.047
3 0.807 0.047
3 0.821 0.047
3 0.876 0.047
3 0.857 0.047
3 0.787 0.047
3 0.896 0.047
3 0.784 0.047
3 0.879 0.047
3 0.746 0.047
3 0.896 0.047
3 0.756 0.047
3 0.795 0.047
3 0.804 0.047
3 0.851 0.047
3 0.863 0.047
3 0.840 0.047
3 0.747 0.047
3 0.808 0.047
3 0.782 0.047
3 0.799 0.047
3 0.847 0.047
3 0.856 0.047
3 0.803 0.047
3 0.816 0.047
3 0.915 0.047
3 0.795 0.047
3 0.746 0.047
3 0.790 0.047
3 0.867 0.047
3 0.856 0.047
3 0.842 0.047
3 0.871 0.047
3 0.823 0.047
3 0.883 0.047
3 0.820 0.047
3 0.940 0.047
3 0.894 0.047
3 0.845 0.047
3 0.807 0.047
3 0.828 0.047
3 0.813 0.047
3 0.755 0.047
3 0.897 0.047
3 0.878 0.047
3 0.877 0.047
3 0.805 0.047
3 0.859 0.047
3 0.838 0.047
3 0.825 0.047
3 0.883 0.047
3 0.858 0.047
3 0.806 0.047
3 0.793 0.047
3 0.829 0.047
3 0.804 0.047
3 0.841 0.047
3 0.804 0.047
3 0.859 0.047
3 0.797 0.047
3 0.802 0.047
3 0.891 0.047
3 0.722 0.047
3 0.888 0.047
3 0.852 0.047
3 0.827 0.047
3 0.799 0.047
3 0.747 0.047
3 0.760 0.047
3 0.753 0.047
3 0.851 0.047
3 0.780 0.047
3 0.865 0.047
3 0.728 0.047
3 0.791 0.047
5 1.274 0.029
5 1.333 0.029
5 1.293 0.029
5 1.261 0.029
5 1.350 0.029
5 1.286 0.029
5 1.327 0.029
5 1.362 0.029
5 1.294 0.029
5 1.315 0.029
5 1.335 0.029
5 1.254 0.029
5 1.329 0.029
5 1.314 0.029
5 1.282 0.029
5 1.276 0.029
5 1.308 0.029
5 1.295 0.029
5 1.294 0.029
5 1.335 0.029
5 1.350 0.029
5 1.324 0.029
5 1.314 0.029
5 1.316 0.029
5 1.314 0.029
5 1.306 0.029
5 1.304 0.029
5 1.318 0.029
5 1.329 0.029
5 1.273 0.029
5 1.313 0.029
5 1.295 0.029
5 1.310 0.029
5 1.329 0.029
5 1.345 0.029
5 1.307 0.029
5 1.377 0.029
5 1.335 0.029
5 1.326 0.029
5 1.354 0.029
5 1.365 0.029
5 1.317 0.029
5 1.253 0.029
5 1.306 0.029
5 1.302 0.029
5 1.314 0.029
5 1.294 0.029
5 1.306 0.029
5 1.248 0.029
5 1.276 0.029
5 1.320 0.029
5 1.303 0.029
5 1.319 0.029
5 1.322 0.029
5 1.305 0.029
5 1.274 0.029
5 1.306 0.029
5 1.284 0.029
5 1.278 0.029
5 1.311 0.029
5 1.315 0.029
5 1.308 0.029
5 1.360 0.029
5 1.318 0.029
5 1.273 0.029
5 1.286 0.029
5 1.266 0.029
5 1.302 0.029
5 1.334 0.029
5 1.304 0.029
5 1.328 0.029
5 1.297 0.029
5 1.268 0.029
5 1.322 0.029
5 1.300 0.029
5 1.303 0.029
5 1.339 0.029
5 1.315 0.029
5 1.316 0.029
5 1.287 0.029
5 1.331 0.029
5 1.401 0.029
5 1.325 0.029
5 1.320 0.029
5 1.288 0.029
5 1.289 0.029
5 1.355 0.029
5 1.345 0.029
5 1.325 0.029
5 1.343 0.029
5 1.279 0.029
5 1.302 0.029
5 1.260 0.029
5 1.291 0.029
5 1.318 0.029
5 1.330 0.029
5 1.339 0.029
5 1.251 0.029
5 1.306 0.029
5 1.275 0.029
