******************Parametres initiaux***********************
Points do we try before stepping :N_TRIES=1
Iterations for each T :ITERS_FIXED_T=1
Step size in random walk :STEP_SIZE=200.000000
Boltzmann constant :K=1.000000
Initial temperature :T_INITIAL=1.000000
Damping factor for temperature MU_T=1.002000
Minimal Temperature T_MIN=5.000000e-01
Initial state :60.71	15.41	13.00	23.34	
*************************************************************
#-iter  #-evals   temperature     position   energy
    0         2             1  [ 68.40  23.10  8.50  5.95  16.29  77.77 ]         2.46036       2.00932
    1         3      0.998004  [ 48.88  3.59  47.53  13.71  24.05  62.24 ]         1.39511       1.39511
    2         4      0.996012  [ 48.10  2.80  49.10  30.39  40.74  28.87 ]         1.50159       1.39511
    3         5      0.994024  [ 65.94  20.64  13.43  41.05  51.39  7.56 ]         2.42147       1.39511
    4         6       0.99204  [ 54.36  9.06  36.58  37.83  48.18  13.99 ]         1.93496       1.39511
    5         7       0.99006  [ 53.40  8.10  38.51  40.46  50.81  8.73 ]         1.96496       1.39511
    6         8      0.988084  [ 53.40  8.10  38.51  40.46  50.81  8.73 ]         1.96496       1.39511
    7         9      0.986111  [ 52.37  7.07  40.56  43.83  54.17  2.00 ]         1.99208       1.39511
    8        10      0.984143  [ 49.47  4.17  46.35  35.02  45.37  19.61 ]         1.69254       1.39511
    9        11      0.982179  [ 48.64  3.34  48.01  42.22  52.56  5.22 ]         1.86388       1.39511
   10        12      0.980218  [ 48.64  3.34  48.01  42.22  52.56  5.22 ]         1.86388       1.39511
   11        13      0.978262  [ 45.76  0.46  53.78  27.06  37.40  35.54 ]         1.36275       1.36275
   12        14      0.976309  [ 70.04  24.74  5.22  25.04  35.38  39.57 ]         2.58254       1.36275
   13        15       0.97436  [ 72.30  27.00  0.71  24.53  34.88  40.59 ]         2.70764       1.36275
   14        16      0.972416  [ 49.00  3.70  47.30  23.54  33.88  42.59 ]         1.52024       1.36275
   15        17      0.970475  [ 56.12  10.82  33.07  40.75  51.09  8.16 ]         2.03662       1.36275
   16        18      0.968538  [ 67.94  22.64  9.41  42.34  52.68  4.98 ]         2.52766       1.36275
   17        19      0.966604  [ 45.75  0.45  53.80  18.63  28.97  52.40 ]         1.29243       1.29243
   18        20      0.964675  [ 71.48  26.18  2.34  13.63  23.97  62.39 ]         2.64289       1.29243
   19        21      0.962749  [ 49.78  4.48  45.74  35.59  45.94  18.47 ]          1.7061       1.29243
   20        22      0.960828  [ 49.78  4.48  45.74  35.59  45.94  18.47 ]          1.7061       1.29243
   21        23       0.95891  [ 52.54  7.24  40.22  23.30  33.65  43.05 ]         1.67027       1.29243
   22        24      0.956996  [ 52.54  7.24  40.22  23.30  33.65  43.05 ]         1.67027       1.29243
   23        25      0.955086  [ 52.54  7.24  40.22  23.30  33.65  43.05 ]         1.67027       1.29243
   24        26      0.953179  [ 47.20  1.90  50.90  35.88  46.23  17.89 ]         1.67484       1.29243
   25        27      0.951277  [ 53.11  7.81  39.07  23.93  34.27  41.80 ]         1.80908       1.29243
   26        28      0.949378  [ 56.47  11.17  32.36  27.86  38.21  33.93 ]         1.97017       1.29243
   27        29      0.947483  [ 55.22  9.92  34.85  16.82  27.16  56.02 ]         1.72239       1.29243
   28        30      0.945592  [ 59.43  14.13  26.45  6.54  16.88  76.58 ]         1.95636       1.29243
   29        31      0.943705  [ 61.90  16.60  21.50  10.19  20.53  69.28 ]         2.13733       1.29243
   30        32      0.941821  [ 60.29  14.99  24.73  36.89  47.23  15.88 ]         2.14182       1.29243
   31        33      0.939941  [ 54.07  8.77  37.16  22.58  32.93  44.49 ]         1.78465       1.29243
   32        34      0.938065  [ 47.08  1.78  51.13  39.53  49.87  10.60 ]         1.76549       1.29243
   33        35      0.936193  [ 47.08  1.78  51.13  39.53  49.87  10.60 ]         1.76549       1.29243
   34        36      0.934324  [ 47.08  1.78  51.13  39.53  49.87  10.60 ]         1.76549       1.29243
   35        37      0.932459  [ 50.86  5.56  43.58  17.03  27.38  55.59 ]         1.55571       1.29243
   36        38      0.930598  [ 50.86  5.56  43.58  17.03  27.38  55.59 ]         1.55571       1.29243
   37        39       0.92874  [ 48.40  3.10  48.50  11.03  21.37  67.60 ]          1.3204       1.29243
   38        40      0.926887  [ 62.50  17.20  20.30  37.03  47.37  15.60 ]         2.24517       1.29243
   39        41      0.925036  [ 62.80  17.50  19.70  25.19  35.53  39.28 ]         2.27729       1.29243
   40        42       0.92319  [ 47.04  1.74  51.22  6.67  17.02  76.31 ]         1.24774       1.24774
   41        43      0.921347  [ 47.04  1.74  51.22  6.67  17.02  76.31 ]         1.24774       1.24774
   42        44      0.919508  [ 47.04  1.74  51.22  6.67  17.02  76.31 ]         1.24774       1.24774
   43        45      0.917673  [ 47.04  1.74  51.22  6.67  17.02  76.31 ]         1.24774       1.24774
   44        46      0.915841  [ 47.04  1.74  51.22  6.67  17.02  76.31 ]         1.24774       1.24774
   45        47      0.914013  [ 47.04  1.74  51.22  6.67  17.02  76.31 ]         1.24774       1.24774
   46        48      0.912189  [ 47.04  1.74  51.22  6.67  17.02  76.31 ]         1.24774       1.24774
   47        49      0.910368  [ 47.04  1.74  51.22  6.67  17.02  76.31 ]         1.24774       1.24774
   48        50      0.908551  [ 47.04  1.74  51.22  6.67  17.02  76.31 ]         1.24774       1.24774
   49        51      0.906738  [ 47.04  1.74  51.22  6.67  17.02  76.31 ]         1.24774       1.24774
   50        52      0.904928  [ 47.84  2.54  49.63  21.01  31.35  47.64 ]         1.29427       1.24774
   51        53      0.903122  [ 61.22  15.92  22.87  26.68  37.02  36.30 ]         2.06107       1.24774
   52        54      0.901319  [ 51.29  5.99  42.71  18.08  28.42  53.50 ]         1.56264       1.24774
   53        55       0.89952  [ 48.53  3.23  48.24  23.19  33.53  43.28 ]         1.46144       1.24774
   54        56      0.897724  [ 48.53  3.23  48.24  23.19  33.53  43.28 ]         1.46144       1.24774
   55        57      0.895933  [ 48.53  3.23  48.24  23.19  33.53  43.28 ]         1.46144       1.24774
   56        58      0.894144  [ 51.13  5.84  43.03  9.91  20.25  69.84 ]         1.47155       1.24774
   57        59       0.89236  [ 50.97  5.67  43.37  34.84  45.18  19.98 ]         1.72976       1.24774
   58        60      0.890578  [ 49.69  4.40  45.91  30.51  40.85  28.64 ]         1.64323       1.24774
   59        61      0.888801  [ 49.69  4.40  45.91  30.51  40.85  28.64 ]         1.64323       1.24774
   60        62      0.887027  [ 49.69  4.40  45.91  30.51  40.85  28.64 ]         1.64323       1.24774
   61        63      0.885256  [ 60.71  15.41  23.89  28.71  39.06  32.23 ]         2.11558       1.24774
   62        64      0.883489  [ 63.47  18.17  18.36  14.96  25.30  59.74 ]         2.19472       1.24774
   63        65      0.881726  [ 49.02  3.72  47.26  24.82  35.16  40.02 ]          1.4525       1.24774
   64        66      0.879966  [ 49.02  3.72  47.26  24.82  35.16  40.02 ]          1.4525       1.24774
   65        67      0.878209  [ 49.02  3.72  47.26  24.82  35.16  40.02 ]          1.4525       1.24774
   66        68      0.876457  [ 57.56  12.26  30.19  35.66  46.01  18.33 ]         2.02729       1.24774
   67        69      0.874707  [ 57.94  12.64  29.43  25.23  35.57  39.20 ]         1.97233       1.24774
   68        70      0.872961  [ 57.94  12.64  29.43  25.23  35.57  39.20 ]         1.97233       1.24774
   69        71      0.871219  [ 57.94  12.64  29.43  25.23  35.57  39.20 ]         1.97233       1.24774
   70        72       0.86948  [ 59.17  13.87  26.96  9.79  20.14  70.07 ]         1.93787       1.24774
   71        73      0.867744  [ 46.79  1.49  51.73  18.84  29.18  51.98 ]         1.33027       1.24774
   72        74      0.866012  [ 46.79  1.49  51.73  18.84  29.18  51.98 ]         1.33027       1.24774
   73        75      0.864284  [ 46.79  1.49  51.73  18.84  29.18  51.98 ]         1.33027       1.24774
   74        76      0.862559  [ 46.79  1.49  51.73  18.84  29.18  51.98 ]         1.33027       1.24774
   75        77      0.860837  [ 46.79  1.49  51.73  18.84  29.18  51.98 ]         1.33027       1.24774
   76        78      0.859119  [ 51.39  6.09  42.53  13.42  23.77  62.81 ]         1.49357       1.24774
   77        79      0.857404  [ 51.39  6.09  42.53  13.42  23.77  62.81 ]         1.49357       1.24774
   78        80      0.855692  [ 51.39  6.09  42.53  13.42  23.77  62.81 ]         1.49357       1.24774
   79        81      0.853985  [ 50.36  5.06  44.58  20.43  30.77  48.81 ]         1.54917       1.24774
   80        82       0.85228  [ 47.34  2.04  50.62  13.24  23.58  63.18 ]         1.30545       1.24774
   81        83      0.850579  [ 47.34  2.04  50.62  13.24  23.58  63.18 ]         1.30545       1.24774
   82        84      0.848881  [ 47.34  2.04  50.62  13.24  23.58  63.18 ]         1.30545       1.24774
   83        85      0.847187  [ 48.60  3.30  48.11  42.12  52.46  5.41 ]         1.82654       1.24774
   84        86      0.845496  [ 67.59  22.29  10.13  41.17  51.51  7.32 ]         2.52018       1.24774
   85        87      0.843808  [ 45.35  0.05  54.60  37.76  48.10  14.14 ]         1.61834       1.24774
   86        88      0.842124  [ 45.35  0.05  54.60  37.76  48.10  14.14 ]         1.61834       1.24774
   87        89      0.840443  [ 59.07  13.77  27.15  38.06  48.41  13.53 ]         2.10455       1.24774
   88        90      0.838765  [ 47.95  2.65  49.39  35.07  45.41  19.51 ]         1.65675       1.24774
   89        91      0.837091  [ 47.95  2.65  49.39  35.07  45.41  19.51 ]         1.65675       1.24774
   90        92       0.83542  [ 72.16  26.86  0.97  39.05  49.39  11.56 ]         2.70437       1.24774
   91        93      0.833753  [ 53.41  8.11  38.48  34.84  45.18  19.98 ]         1.87204       1.24774
   92        94      0.832089  [ 53.41  8.11  38.48  34.84  45.18  19.98 ]         1.87204       1.24774
   93        95      0.830428  [ 49.09  3.79  47.12  25.24  35.59  39.17 ]         1.47303       1.24774
   94        96       0.82877  [ 54.93  9.63  35.43  32.16  42.50  25.34 ]         1.90776       1.24774
   95        97      0.827116  [ 68.96  23.66  7.37  11.50  21.85  66.65 ]         2.48441       1.24774
   96        98      0.825465  [ 59.04  13.75  27.21  13.34  23.68  62.99 ]         1.92466       1.24774
   97        99      0.823817  [ 46.83  1.53  51.64  3.25  13.59  83.15 ]         1.24744       1.24744
   98       100      0.822173  [ 66.88  21.58  11.53  4.52  14.87  80.61 ]          2.3633       1.24744
   99       101      0.820532  [ 59.83  14.53  25.65  27.93  38.28  33.79 ]         2.05443       1.24744
  100       102      0.818894  [ 64.70  19.40  15.89  33.99  44.34  21.67 ]         2.40445       1.24744
  101       103       0.81726  [ 50.09  4.80  45.11  2.06  12.40  85.54 ]         1.40046       1.24744
  102       104      0.815629  [ 50.09  4.80  45.11  2.06  12.40  85.54 ]         1.40046       1.24744
  103       105      0.814001  [ 51.21  5.91  42.88  3.61  13.95  82.44 ]         1.45601       1.24744
  104       106      0.812376  [ 49.55  4.25  46.20  21.35  31.69  46.97 ]         1.52479       1.24744
  105       107      0.810754  [ 49.55  4.25  46.20  21.35  31.69  46.97 ]         1.52479       1.24744
  106       108      0.809136  [ 49.55  4.25  46.20  21.35  31.69  46.97 ]         1.52479       1.24744
  107       109      0.807521  [ 49.55  4.25  46.20  21.35  31.69  46.97 ]         1.52479       1.24744
  108       110      0.805909  [ 47.41  2.11  50.48  5.15  15.50  79.35 ]         1.25981       1.24744
  109       111      0.804301  [ 47.41  2.11  50.48  5.15  15.50  79.35 ]         1.25981       1.24744
  110       112      0.802695  [ 61.78  16.48  21.74  16.98  27.33  55.69 ]         2.17389       1.24744
  111       113      0.801093  [ 71.42  26.12  2.46  15.65  25.99  58.36 ]         2.66134       1.24744
  112       114      0.799494  [ 60.27  14.97  24.76  10.10  20.45  69.45 ]         1.94685       1.24744
  113       115      0.797898  [ 60.27  14.97  24.76  10.10  20.45  69.45 ]         1.94685       1.24744
  114       116      0.796306  [ 47.11  1.81  51.08  28.30  38.65  33.05 ]         1.40152       1.24744
  115       117      0.794716  [ 58.51  13.22  28.27  18.37  28.71  52.92 ]         1.99156       1.24744
  116       118       0.79313  [ 56.65  11.35  32.01  33.52  43.87  22.61 ]         2.04516       1.24744
  117       119      0.791547  [ 66.69  21.39  11.93  44.26  54.60  1.14 ]         2.50174       1.24744
  118       120      0.789967  [ 55.28  9.98  34.75  10.40  20.74  68.86 ]         1.70439       1.24744
  119       121       0.78839  [ 55.28  9.98  34.75  10.40  20.74  68.86 ]         1.70439       1.24744
  120       122      0.786816  [ 55.28  9.98  34.75  10.40  20.74  68.86 ]         1.70439       1.24744
  121       123      0.785246  [ 55.28  9.98  34.75  10.40  20.74  68.86 ]         1.70439       1.24744
  122       124      0.783679  [ 55.28  9.98  34.75  10.40  20.74  68.86 ]         1.70439       1.24744
  123       125      0.782114  [ 53.76  8.46  37.79  31.67  42.02  26.31 ]         1.83587       1.24744
  124       126      0.780553  [ 72.02  26.73  1.25  24.38  34.73  40.89 ]         2.68752       1.24744
  125       127      0.778995  [ 59.12  13.82  27.05  31.82  42.17  26.01 ]         2.06299       1.24744
  126       128       0.77744  [ 65.17  19.87  14.96  15.64  25.99  58.37 ]         2.32069       1.24744
  127       129      0.775889  [ 50.00  4.70  45.30  25.68  36.03  38.29 ]         1.58429       1.24744
  128       130       0.77434  [ 50.00  4.70  45.30  25.68  36.03  38.29 ]         1.58429       1.24744
  129       131      0.772794  [ 50.00  4.70  45.30  25.68  36.03  38.29 ]         1.58429       1.24744
  130       132      0.771252  [ 47.75  2.45  49.80  16.72  27.07  56.21 ]         1.39868       1.24744
  131       133      0.769712  [ 47.75  2.45  49.80  16.72  27.07  56.21 ]         1.39868       1.24744
  132       134      0.768176  [ 47.75  2.45  49.80  16.72  27.07  56.21 ]         1.39868       1.24744
  133       135      0.766643  [ 47.75  2.45  49.80  16.72  27.07  56.21 ]         1.39868       1.24744
  134       136      0.765113  [ 54.67  9.37  35.96  20.77  31.11  48.12 ]         1.82051       1.24744
  135       137      0.763585  [ 46.75  1.45  51.81  10.34  20.69  68.97 ]         1.23349       1.23349
  136       138      0.762061  [ 46.75  1.45  51.81  10.34  20.69  68.97 ]         1.23349       1.23349
  137       139       0.76054  [ 48.29  3.00  48.71  2.02  12.36  85.62 ]         1.33315       1.23349
  138       140      0.759022  [ 48.29  3.00  48.71  2.02  12.36  85.62 ]         1.33315       1.23349
  139       141      0.757507  [ 48.29  3.00  48.71  2.02  12.36  85.62 ]         1.33315       1.23349
  140       142      0.755995  [ 48.29  3.00  48.71  2.02  12.36  85.62 ]         1.33315       1.23349
  141       143      0.754486  [ 48.41  3.12  48.47  12.83  23.17  64.00 ]         1.34755       1.23349
  142       144       0.75298  [ 48.41  3.12  48.47  12.83  23.17  64.00 ]         1.34755       1.23349
  143       145      0.751477  [ 48.41  3.12  48.47  12.83  23.17  64.00 ]         1.34755       1.23349
  144       146      0.749977  [ 48.41  3.12  48.47  12.83  23.17  64.00 ]         1.34755       1.23349
  145       147       0.74848  [ 48.41  3.12  48.47  12.83  23.17  64.00 ]         1.34755       1.23349
  146       148      0.746986  [ 48.41  3.12  48.47  12.83  23.17  64.00 ]         1.34755       1.23349
  147       149      0.745495  [ 48.41  3.12  48.47  12.83  23.17  64.00 ]         1.34755       1.23349
  148       150      0.744007  [ 48.41  3.12  48.47  12.83  23.17  64.00 ]         1.34755       1.23349
  149       151      0.742522  [ 48.41  3.12  48.47  12.83  23.17  64.00 ]         1.34755       1.23349
  150       152       0.74104  [ 48.41  3.12  48.47  12.83  23.17  64.00 ]         1.34755       1.23349
  151       153      0.739561  [ 48.41  3.12  48.47  12.83  23.17  64.00 ]         1.34755       1.23349
  152       154      0.738085  [ 48.41  3.12  48.47  12.83  23.17  64.00 ]         1.34755       1.23349
  153       155      0.736612  [ 48.41  3.12  48.47  12.83  23.17  64.00 ]         1.34755       1.23349
  154       156      0.735141  [ 46.45  1.15  52.40  29.38  39.73  30.89 ]         1.48438       1.23349
  155       157      0.733674  [ 58.37  13.07  28.56  9.06  19.40  71.54 ]         1.89158       1.23349
  156       158       0.73221  [ 48.91  3.61  47.48  40.17  50.51  9.32 ]         1.75491       1.23349
  157       159      0.730748  [ 48.91  3.61  47.48  40.17  50.51  9.32 ]         1.75491       1.23349
  158       160       0.72929  [ 54.90  9.60  35.49  3.27  13.61  83.11 ]           1.659       1.23349
  159       161      0.727834  [ 47.47  2.17  50.36  16.40  26.75  56.85 ]         1.28624       1.23349
  160       162      0.726381  [ 47.47  2.17  50.36  16.40  26.75  56.85 ]         1.28624       1.23349
  161       163      0.724931  [ 55.14  9.84  35.02  16.49  26.83  56.68 ]         1.81817       1.23349
  162       164      0.723484  [ 49.55  4.25  46.20  0.50  10.84  88.65 ]         1.36833       1.23349
  163       165       0.72204  [ 49.55  4.25  46.20  0.50  10.84  88.65 ]         1.36833       1.23349
  164       166      0.720599  [ 49.55  4.25  46.20  0.50  10.84  88.65 ]         1.36833       1.23349
  165       167      0.719161  [ 49.55  4.25  46.20  0.50  10.84  88.65 ]         1.36833       1.23349
  166       168      0.717725  [ 49.55  4.25  46.20  0.50  10.84  88.65 ]         1.36833       1.23349
  167       169      0.716293  [ 49.55  4.25  46.20  0.50  10.84  88.65 ]         1.36833       1.23349
  168       170      0.714863  [ 48.07  2.77  49.17  4.00  14.35  81.65 ]         1.34308       1.23349
  169       171      0.713436  [ 65.71  20.42  13.87  2.09  12.44  85.47 ]         2.29213       1.23349
  170       172      0.712012  [ 69.51  24.21  6.28  3.95  14.30  81.75 ]         2.52248       1.23349
  171       173      0.710591  [ 67.57  22.27  10.15  28.21  38.56  33.23 ]         2.46364       1.23349
  172       174      0.709173  [ 56.23  10.93  32.83  3.40  13.74  82.86 ]         1.71849       1.23349
  173       175      0.707757  [ 56.23  10.93  32.83  3.40  13.74  82.86 ]         1.71849       1.23349
  174       176      0.706344  [ 57.40  12.10  30.51  40.44  50.79  8.77 ]         2.10247       1.23349
  175       177      0.704934  [ 60.00  14.71  25.29  26.28  36.62  37.10 ]         2.12696       1.23349
  176       178      0.703527  [ 60.00  14.71  25.29  26.28  36.62  37.10 ]         2.12696       1.23349
  177       179      0.702123  [ 69.56  24.26  6.19  13.55  23.89  62.55 ]         2.58045       1.23349
  178       180      0.700722  [ 56.34  11.04  32.61  1.62  11.97  86.41 ]         1.76423       1.23349
  179       181      0.699323  [ 49.83  4.53  45.64  0.79  11.14  88.07 ]          1.4373       1.23349
  180       182      0.697927  [ 63.79  18.49  17.71  4.73  15.08  80.19 ]         2.19941       1.23349
  181       183      0.696534  [ 50.79  5.49  43.72  7.98  18.33  73.69 ]         1.51342       1.23349
  182       184      0.695144  [ 46.53  1.23  52.23  3.11  13.45  83.44 ]         1.26554       1.23349
  183       185      0.693756  [ 46.07  0.77  53.16  16.01  26.36  57.63 ]         1.20924       1.20924
  184       186      0.692372  [ 47.44  2.14  50.42  11.48  21.82  66.69 ]         1.20933       1.20924
  185       187       0.69099  [ 47.44  2.14  50.42  11.48  21.82  66.69 ]         1.20933       1.20924
  186       188       0.68961  [ 47.44  2.14  50.42  11.48  21.82  66.69 ]         1.20933       1.20924
  187       189      0.688234  [ 49.68  4.38  45.94  15.99  26.34  57.67 ]         1.41088       1.20924
  188       190       0.68686  [ 49.68  4.38  45.94  15.99  26.34  57.67 ]         1.41088       1.20924
  189       191      0.685489  [ 49.68  4.38  45.94  15.99  26.34  57.67 ]         1.41088       1.20924
  190       192      0.684121  [ 70.22  24.92  4.86  33.08  43.42  23.50 ]         2.60443       1.20924
  191       193      0.682755  [ 69.04  23.74  7.22  3.85  14.20  81.95 ]         2.51947       1.20924
  192       194      0.681393  [ 52.06  6.76  41.18  3.12  13.47  83.41 ]         1.47814       1.20924
  193       195      0.680033  [ 51.45  6.15  42.39  38.65  49.00  12.35 ]         1.82944       1.20924
  194       196      0.678675  [ 56.87  11.57  31.55  14.26  24.61  61.13 ]          1.7616       1.20924
  195       197      0.677321  [ 56.87  11.57  31.55  14.26  24.61  61.13 ]          1.7616       1.20924
  196       198      0.675969  [ 56.87  11.57  31.55  14.26  24.61  61.13 ]          1.7616       1.20924
  197       199      0.674619  [ 56.87  11.57  31.55  14.26  24.61  61.13 ]          1.7616       1.20924
  198       200      0.673273  [ 47.06  1.76  51.18  36.60  46.95  16.45 ]         1.66385       1.20924
  199       201      0.671929  [ 51.07  5.77  43.16  25.67  36.02  38.31 ]         1.67812       1.20924
  200       202      0.670588  [ 51.07  5.77  43.16  25.67  36.02  38.31 ]         1.67812       1.20924
  201       203      0.669249  [ 51.07  5.77  43.16  25.67  36.02  38.31 ]         1.67812       1.20924
  202       204      0.667914  [ 50.85  5.55  43.60  9.45  19.80  70.75 ]         1.45461       1.20924
  203       205       0.66658  [ 51.43  6.13  42.44  17.30  27.65  55.05 ]         1.56017       1.20924
  204       206       0.66525  [ 51.43  6.13  42.44  17.30  27.65  55.05 ]         1.56017       1.20924
  205       207      0.663922  [ 51.43  6.13  42.44  17.30  27.65  55.05 ]         1.56017       1.20924
  206       208      0.662597  [ 51.43  6.13  42.44  17.30  27.65  55.05 ]         1.56017       1.20924
  207       209      0.661274  [ 51.43  6.13  42.44  17.30  27.65  55.05 ]         1.56017       1.20924
  208       210      0.659954  [ 51.43  6.13  42.44  17.30  27.65  55.05 ]         1.56017       1.20924
  209       211      0.658637  [ 46.28  0.98  52.75  24.84  35.18  39.98 ]         1.38227       1.20924
  210       212      0.657322  [ 47.48  2.18  50.34  27.37  37.71  34.91 ]         1.50531       1.20924
  211       213       0.65601  [ 47.48  2.18  50.34  27.37  37.71  34.91 ]         1.50531       1.20924
  212       214      0.654701  [ 56.01  10.71  33.29  15.37  25.71  58.92 ]         1.79767       1.20924
  213       215      0.653394  [ 56.01  10.71  33.29  15.37  25.71  58.92 ]         1.79767       1.20924
  214       216       0.65209  [ 56.01  10.71  33.29  15.37  25.71  58.92 ]         1.79767       1.20924
  215       217      0.650789  [ 56.01  10.71  33.29  15.37  25.71  58.92 ]         1.79767       1.20924
  216       218       0.64949  [ 56.01  10.71  33.29  15.37  25.71  58.92 ]         1.79767       1.20924
  217       219      0.648193  [ 56.01  10.71  33.29  15.37  25.71  58.92 ]         1.79767       1.20924
  218       220      0.646899  [ 48.53  3.23  48.24  13.53  23.87  62.60 ]         1.41331       1.20924
  219       221      0.645608  [ 59.56  14.26  26.19  39.50  49.85  10.65 ]         2.13553       1.20924
  220       222      0.644319  [ 48.19  2.89  48.92  24.75  35.10  40.15 ]         1.50284       1.20924
  221       223      0.643033  [ 48.19  2.89  48.92  24.75  35.10  40.15 ]         1.50284       1.20924
  222       224       0.64175  [ 46.39  1.09  52.52  34.77  45.12  20.11 ]         1.59678       1.20924
  223       225      0.640469  [ 46.39  1.09  52.52  34.77  45.12  20.11 ]         1.59678       1.20924
  224       226      0.639191  [ 58.74  13.44  27.82  35.15  45.49  19.36 ]         2.13382       1.20924
  225       227      0.637915  [ 64.38  19.09  16.53  10.67  21.01  68.32 ]         2.26624       1.20924
  226       228      0.636641  [ 50.98  5.68  43.34  25.75  36.09  38.16 ]         1.58973       1.20924
  227       229      0.635371  [ 50.98  5.68  43.34  25.75  36.09  38.16 ]         1.58973       1.20924
  228       230      0.634103  [ 50.98  5.68  43.34  25.75  36.09  38.16 ]         1.58973       1.20924
  229       231      0.632837  [ 45.66  0.36  53.99  19.20  29.54  51.26 ]         1.23036       1.20924
  230       232      0.631574  [ 60.56  15.26  24.18  26.47  36.81  36.72 ]         2.05298       1.20924
  231       233      0.630313  [ 46.43  1.13  52.45  41.51  51.86  6.63 ]          1.7544       1.20924
  232       234      0.629055  [ 46.43  1.13  52.45  41.51  51.86  6.63 ]          1.7544       1.20924
  233       235      0.627799  [ 58.72  13.42  27.86  1.86  12.20  85.94 ]         1.85662       1.20924
  234       236      0.626546  [ 54.12  8.82  37.05  32.97  43.32  23.71 ]         1.89306       1.20924
  235       237      0.625296  [ 53.77  8.47  37.76  12.06  22.40  65.54 ]         1.66873       1.20924
  236       238      0.624048  [ 53.77  8.47  37.76  12.06  22.40  65.54 ]         1.66873       1.20924
  237       239      0.622802  [ 60.19  14.89  24.92  8.58  18.93  72.49 ]         1.95952       1.20924
  238       240      0.621559  [ 50.85  5.55  43.60  20.51  30.85  48.63 ]         1.53331       1.20924
  239       241      0.620318  [ 50.85  5.55  43.60  20.51  30.85  48.63 ]         1.53331       1.20924
  240       242       0.61908  [ 49.58  4.28  46.14  25.95  36.29  37.76 ]         1.53789       1.20924
  241       243      0.617844  [ 49.58  4.28  46.14  25.95  36.29  37.76 ]         1.53789       1.20924
  242       244      0.616611  [ 53.75  8.45  37.80  38.10  48.44  13.46 ]         2.00899       1.20924
  243       245       0.61538  [ 48.71  3.41  47.89  8.59  18.94  72.47 ]         1.35599       1.20924
  244       246      0.614152  [ 48.71  3.41  47.89  8.59  18.94  72.47 ]         1.35599       1.20924
  245       247      0.612926  [ 48.71  3.41  47.89  8.59  18.94  72.47 ]         1.35599       1.20924
  246       248      0.611703  [ 48.71  3.41  47.89  8.59  18.94  72.47 ]         1.35599       1.20924
  247       249      0.610482  [ 61.31  16.01  22.67  0.36  10.70  88.94 ]         1.99818       1.20924
  248       250      0.609263  [ 57.53  12.23  30.25  31.16  41.51  27.33 ]          2.0268       1.20924
  249       251      0.608047  [ 57.53  12.23  30.25  31.16  41.51  27.33 ]          2.0268       1.20924
  250       252      0.606834  [ 51.89  6.59  41.52  23.92  34.27  41.81 ]         1.61001       1.20924
  251       253      0.605622  [ 53.25  7.95  38.81  15.71  26.05  58.24 ]         1.63938       1.20924
  252       254      0.604414  [ 62.82  17.52  19.67  10.84  21.18  67.98 ]         2.13035       1.20924
  253       255      0.603207  [ 47.08  1.78  51.15  13.86  24.21  61.93 ]         1.30637       1.20924
  254       256      0.602003  [ 53.09  7.79  39.12  44.38  54.73  0.89 ]         2.01876       1.20924
  255       257      0.600802  [ 53.09  7.79  39.12  44.38  54.73  0.89 ]         2.01876       1.20924
  256       258      0.599602  [ 51.72  6.42  41.86  41.66  52.01  6.33 ]         1.90696       1.20924
  257       259      0.598405  [ 50.96  5.66  43.37  9.49  19.84  70.67 ]          1.5247       1.20924
  258       260      0.597211  [ 72.09  26.80  1.11  8.90  19.25  71.85 ]         2.68561       1.20924
  259       261      0.596019  [ 67.11  21.81  11.08  18.32  28.66  53.02 ]         2.43301       1.20924
  260       262      0.594829  [ 53.73  8.43  37.85  21.27  31.61  47.13 ]         1.73453       1.20924
  261       263      0.593642  [ 53.73  8.43  37.85  21.27  31.61  47.13 ]         1.73453       1.20924
  262       264      0.592457  [ 64.70  19.40  15.90  42.21  52.56  5.23 ]         2.36824       1.20924
  263       265      0.591275  [ 51.68  6.38  41.95  40.03  50.37  9.60 ]         1.88114       1.20924
  264       266      0.590094  [ 51.41  6.11  42.47  0.93  11.27  87.80 ]         1.40316       1.20924
  265       267      0.588917  [ 59.83  14.53  25.63  24.27  34.61  41.12 ]         2.10506       1.20924
  266       268      0.587741  [ 63.95  18.66  17.39  14.22  24.56  61.22 ]         2.24656       1.20924
  267       269      0.586568  [ 71.54  26.24  2.22  13.11  23.45  63.44 ]         2.67554       1.20924
  268       270      0.585397  [ 67.90  22.60  9.49  5.81  16.15  78.04 ]          2.4201       1.20924
  269       271      0.584229  [ 46.36  1.06  52.57  22.29  32.63  45.08 ]         1.29311       1.20924
  270       272      0.583063  [ 46.36  1.06  52.57  22.29  32.63  45.08 ]         1.29311       1.20924
  271       273      0.581899  [ 46.36  1.06  52.57  22.29  32.63  45.08 ]         1.29311       1.20924
  272       274      0.580737  [ 46.36  1.06  52.57  22.29  32.63  45.08 ]         1.29311       1.20924
  273       275      0.579578  [ 46.36  1.06  52.57  22.29  32.63  45.08 ]         1.29311       1.20924
  274       276      0.578421  [ 46.36  1.06  52.57  22.29  32.63  45.08 ]         1.29311       1.20924
  275       277      0.577267  [ 46.36  1.06  52.57  22.29  32.63  45.08 ]         1.29311       1.20924
  276       278      0.576115  [ 46.36  1.06  52.57  22.29  32.63  45.08 ]         1.29311       1.20924
  277       279      0.574965  [ 46.36  1.06  52.57  22.29  32.63  45.08 ]         1.29311       1.20924
  278       280      0.573817  [ 59.11  13.81  27.08  18.87  29.21  51.92 ]         1.99151       1.20924
  279       281      0.572672  [ 61.06  15.76  23.18  25.70  36.05  38.25 ]         2.16544       1.20924
  280       282      0.571529  [ 71.37  26.07  2.56  2.11  12.45  85.44 ]         2.64866       1.20924
  281       283      0.570388  [ 60.11  14.81  25.08  33.84  44.18  21.98 ]         2.07515       1.20924
  282       284      0.569249  [ 60.30  15.00  24.71  14.00  24.35  61.65 ]         2.02939       1.20924
  283       285      0.568113  [ 51.36  6.06  42.59  25.26  35.60  39.14 ]          1.6192       1.20924
  284       286      0.566979  [ 51.36  6.06  42.59  25.26  35.60  39.14 ]          1.6192       1.20924
  285       287      0.565847  [ 51.36  6.06  42.59  25.26  35.60  39.14 ]          1.6192       1.20924
  286       288      0.564718  [ 52.03  6.73  41.23  39.99  50.33  9.68 ]         1.91898       1.20924
  287       289      0.563591  [ 52.03  6.73  41.23  39.99  50.33  9.68 ]         1.91898       1.20924
  288       290      0.562466  [ 52.03  6.73  41.23  39.99  50.33  9.68 ]         1.91898       1.20924
  289       291      0.561343  [ 55.14  9.84  35.02  13.34  23.69  62.97 ]         1.75074       1.20924
  290       292      0.560223  [ 55.14  9.84  35.02  13.34  23.69  62.97 ]         1.75074       1.20924
  291       293      0.559105  [ 71.81  26.51  1.68  44.02  54.36  1.62 ]         2.69348       1.20924
  292       294      0.557989  [ 64.27  18.97  16.76  23.72  34.06  42.22 ]         2.24317       1.20924
  293       295      0.556875  [ 54.55  9.25  36.20  12.01  22.36  65.63 ]         1.62214       1.20924
  294       296      0.555763  [ 70.11  24.81  5.08  10.70  21.04  68.26 ]         2.59347       1.20924
  295       297      0.554654  [ 47.79  2.49  49.71  35.03  45.37  19.60 ]         1.63459       1.20924
  296       298      0.553547  [ 47.79  2.49  49.71  35.03  45.37  19.60 ]         1.63459       1.20924
  297       299      0.552442  [ 71.17  25.87  2.97  28.65  39.00  32.35 ]         2.67529       1.20924
  298       300      0.551339  [ 46.61  1.31  52.08  15.77  26.11  58.12 ]         1.24064       1.20924
  299       301      0.550239  [ 57.38  12.08  30.53  23.14  33.48  43.38 ]         1.92378       1.20924
  300       302      0.549141  [ 52.25  6.95  40.79  40.05  50.40  9.55 ]         1.87351       1.20924
  301       303      0.548044  [ 52.25  6.95  40.79  40.05  50.40  9.55 ]         1.87351       1.20924
  302       304      0.546951  [ 59.84  14.54  25.62  26.80  37.14  36.07 ]         2.10828       1.20924
  303       305      0.545859  [ 57.22  11.92  30.86  34.27  44.61  21.11 ]         1.98743       1.20924
  304       306      0.544769  [ 47.44  2.14  50.41  19.21  29.55  51.24 ]         1.28735       1.20924
  305       307      0.543682  [ 47.44  2.14  50.41  19.21  29.55  51.24 ]         1.28735       1.20924
  306       308      0.542597  [ 48.30  3.00  48.71  22.07  32.41  45.52 ]         1.45455       1.20924
  307       309      0.541514  [ 48.30  3.00  48.71  22.07  32.41  45.52 ]         1.45455       1.20924
  308       310      0.540433  [ 48.30  3.00  48.71  22.07  32.41  45.52 ]         1.45455       1.20924
  309       311      0.539354  [ 68.77  23.47  7.76  9.88  20.22  69.90 ]         2.51934       1.20924
  310       312      0.538278  [ 63.80  18.50  17.70  22.71  33.05  44.24 ]         2.27808       1.20924
  311       313      0.537203  [ 63.80  18.50  17.70  22.71  33.05  44.24 ]         2.27808       1.20924
  312       314      0.536131  [ 60.99  15.69  23.33  4.80  15.14  80.06 ]         2.00786       1.20924
  313       315      0.535061  [ 60.99  15.69  23.33  4.80  15.14  80.06 ]         2.00786       1.20924
  314       316      0.533993  [ 60.77  15.47  23.76  26.13  36.47  37.39 ]         2.12642       1.20924
  315       317      0.532927  [ 47.65  2.35  50.01  33.17  43.51  23.32 ]         1.63127       1.20924
  316       318      0.531863  [ 51.63  6.33  42.05  12.49  22.84  64.67 ]         1.54442       1.20924
  317       319      0.530802  [ 51.80  6.50  41.70  12.39  22.73  64.88 ]         1.56901       1.20924
  318       320      0.529742  [ 51.80  6.50  41.70  12.39  22.73  64.88 ]         1.56901       1.20924
  319       321      0.528685  [ 51.80  6.50  41.70  12.39  22.73  64.88 ]         1.56901       1.20924
  320       322       0.52763  [ 51.80  6.50  41.70  12.39  22.73  64.88 ]         1.56901       1.20924
  321       323      0.526576  [ 51.80  6.50  41.70  12.39  22.73  64.88 ]         1.56901       1.20924
  322       324      0.525525  [ 51.80  6.50  41.70  12.39  22.73  64.88 ]         1.56901       1.20924
  323       325      0.524476  [ 62.80  17.50  19.71  22.16  32.50  45.34 ]         2.16585       1.20924
  324       326       0.52343  [ 62.80  17.50  19.71  22.16  32.50  45.34 ]         2.16585       1.20924
  325       327      0.522385  [ 60.24  14.94  24.83  16.56  26.90  56.54 ]         1.99992       1.20924
  326       328      0.521342  [ 70.57  25.27  4.16  43.15  53.49  3.36 ]         2.63682       1.20924
  327       329      0.520301  [ 48.13  2.83  49.04  14.76  25.10  60.14 ]         1.37786       1.20924
  328       330      0.519263  [ 48.13  2.83  49.04  14.76  25.10  60.14 ]         1.37786       1.20924
  329       331      0.518226  [ 48.13  2.83  49.04  14.76  25.10  60.14 ]         1.37786       1.20924
  330       332      0.517192  [ 58.63  13.33  28.05  10.31  20.65  69.05 ]         1.88419       1.20924
  331       333       0.51616  [ 58.20  12.90  28.90  24.47  34.82  40.71 ]         2.00086       1.20924
  332       334       0.51513  [ 47.86  2.56  49.59  43.81  54.16  2.03 ]         1.84002       1.20924
  333       335      0.514101  [ 47.14  1.84  51.01  4.66  15.00  80.34 ]         1.24683       1.20924
  334       336      0.513075  [ 46.95  1.65  51.41  20.51  30.86  48.63 ]         1.34685       1.20924
  335       337      0.512051  [ 47.37  2.07  50.55  39.74  50.08  10.18 ]         1.74948       1.20924
  336       338      0.511029  [ 47.37  2.07  50.55  39.74  50.08  10.18 ]         1.74948       1.20924
  337       339      0.510009  [ 47.37  2.07  50.55  39.74  50.08  10.18 ]         1.74948       1.20924
  338       340      0.508991  [ 53.44  8.14  38.42  20.47  30.82  48.71 ]          1.7897       1.20924
  339       341      0.507975  [ 62.56  17.26  20.18  36.67  47.02  16.31 ]         2.29219       1.20924
  340       342      0.506961  [ 55.89  10.59  33.51  12.96  23.31  63.73 ]         1.73951       1.20924
  341       343      0.505949  [ 55.89  10.59  33.51  12.96  23.31  63.73 ]         1.73951       1.20924
  342       344      0.504939  [ 55.89  10.59  33.51  12.96  23.31  63.73 ]         1.73951       1.20924
  343       345      0.503932  [ 55.89  10.59  33.51  12.96  23.31  63.73 ]         1.73951       1.20924
  344       346      0.502926  [ 55.89  10.59  33.51  12.96  23.31  63.73 ]         1.73951       1.20924
  345       347      0.501922  [ 49.36  4.06  46.58  22.73  33.07  44.20 ]         1.44268       1.20924
  346       348       0.50092  [ 49.36  4.06  46.58  22.73  33.07  44.20 ]         1.44268       1.20924
